1 39 1 3 2 4
2 39 212 214 213 215
3 39 423 425 424 426
4 39 634 636 635 637
5 39 845 847 846 848
6 39 1056 1058 1057 1059
7 39 1267 1269 1268 1270
8 39 1478 1480 1479 1481
9 39 1689 1691 1690 1692
10 39 1900 1902 1901 1903
11 39 2111 2113 2112 2114
12 39 2322 2324 2323 2325
13 39 2533 2535 2534 2536
14 39 2744 2746 2745 2747
15 39 2955 2957 2956 2958
16 39 3166 3168 3167 3169
17 39 3377 3379 3378 3380
18 40 2 5 4 6
19 40 213 216 215 217
20 40 424 427 426 428
21 40 635 638 637 639
22 40 846 849 848 850
23 40 1057 1060 1059 1061
24 40 1268 1271 1270 1272
25 40 1479 1482 1481 1483
26 40 1690 1693 1692 1694
27 40 1901 1904 1903 1905
28 40 2112 2115 2114 2116
29 40 2323 2326 2325 2327
30 40 2534 2537 2536 2538
31 40 2745 2748 2747 2749
32 40 2956 2959 2958 2960
33 40 3167 3170 3169 3171
34 40 3378 3381 3380 3382
35 41 23 25 24 26
36 41 38 56 55 57
37 41 60 62 61 63
38 41 75 93 92 94
39 41 97 99 98 100
40 41 112 130 129 131
41 41 134 136 135 137
42 41 149 167 166 168
43 41 171 173 172 174
44 41 186 204 203 205
45 41 234 236 235 237
46 41 249 267 266 268
47 41 271 273 272 274
48 41 286 304 303 305
49 41 308 310 309 311
50 41 323 341 340 342
51 41 345 347 346 348
52 41 360 378 377 379
53 41 382 384 383 385
54 41 397 415 414 416
55 41 445 447 446 448
56 41 460 478 477 479
57 41 482 484 483 485
58 41 497 515 514 516
59 41 519 521 520 522
60 41 534 552 551 553
61 41 556 558 557 559
62 41 571 589 588 590
63 41 593 595 594 596
64 41 608 626 625 627
65 41 656 658 657 659
66 41 671 689 688 690
67 41 693 695 694 696
68 41 708 726 725 727
69 41 730 732 731 733
70 41 745 763 762 764
71 41 767 769 768 770
72 41 782 800 799 801
73 41 804 806 805 807
74 41 819 837 836 838
75 41 867 869 868 870
76 41 882 900 899 901
77 41 904 906 905 907
78 41 919 937 936 938
79 41 941 943 942 944
80 41 956 974 973 975
81 41 978 980 979 981
82 41 993 1011 1010 1012
83 41 1015 1017 1016 1018
84 41 1030 1048 1047 1049
85 41 1078 1080 1079 1081
86 41 1093 1111 1110 1112
87 41 1115 1117 1116 1118
88 41 1130 1148 1147 1149
89 41 1152 1154 1153 1155
90 41 1167 1185 1184 1186
91 41 1189 1191 1190 1192
92 41 1204 1222 1221 1223
93 41 1226 1228 1227 1229
94 41 1241 1259 1258 1260
95 41 1289 1291 1290 1292
96 41 1304 1322 1321 1323
97 41 1326 1328 1327 1329
98 41 1341 1359 1358 1360
99 41 1363 1365 1364 1366
100 41 1378 1396 1395 1397
101 41 1400 1402 1401 1403
102 41 1415 1433 1432 1434
103 41 1437 1439 1438 1440
104 41 1452 1470 1469 1471
105 41 1500 1502 1501 1503
106 41 1515 1533 1532 1534
107 41 1537 1539 1538 1540
108 41 1552 1570 1569 1571
109 41 1574 1576 1575 1577
110 41 1589 1607 1606 1608
111 41 1611 1613 1612 1614
112 41 1626 1644 1643 1645
113 41 1648 1650 1649 1651
114 41 1663 1681 1680 1682
115 41 1711 1713 1712 1714
116 41 1726 1744 1743 1745
117 41 1748 1750 1749 1751
118 41 1763 1781 1780 1782
119 41 1785 1787 1786 1788
120 41 1800 1818 1817 1819
121 41 1822 1824 1823 1825
122 41 1837 1855 1854 1856
123 41 1859 1861 1860 1862
124 41 1874 1892 1891 1893
125 41 1922 1924 1923 1925
126 41 1937 1955 1954 1956
127 41 1959 1961 1960 1962
128 41 1974 1992 1991 1993
129 41 1996 1998 1997 1999
130 41 2011 2029 2028 2030
131 41 2033 2035 2034 2036
132 41 2048 2066 2065 2067
133 41 2070 2072 2071 2073
134 41 2085 2103 2102 2104
135 41 2133 2135 2134 2136
136 41 2148 2166 2165 2167
137 41 2170 2172 2171 2173
138 41 2185 2203 2202 2204
139 41 2207 2209 2208 2210
140 41 2222 2240 2239 2241
141 41 2244 2246 2245 2247
142 41 2259 2277 2276 2278
143 41 2281 2283 2282 2284
144 41 2296 2314 2313 2315
145 41 2344 2346 2345 2347
146 41 2359 2377 2376 2378
147 41 2381 2383 2382 2384
148 41 2396 2414 2413 2415
149 41 2418 2420 2419 2421
150 41 2433 2451 2450 2452
151 41 2455 2457 2456 2458
152 41 2470 2488 2487 2489
153 41 2492 2494 2493 2495
154 41 2507 2525 2524 2526
155 41 2555 2557 2556 2558
156 41 2570 2588 2587 2589
157 41 2592 2594 2593 2595
158 41 2607 2625 2624 2626
159 41 2629 2631 2630 2632
160 41 2644 2662 2661 2663
161 41 2666 2668 2667 2669
162 41 2681 2699 2698 2700
163 41 2703 2705 2704 2706
164 41 2718 2736 2735 2737
165 41 2766 2768 2767 2769
166 41 2781 2799 2798 2800
167 41 2803 2805 2804 2806
168 41 2818 2836 2835 2837
169 41 2840 2842 2841 2843
170 41 2855 2873 2872 2874
171 41 2877 2879 2878 2880
172 41 2892 2910 2909 2911
173 41 2914 2916 2915 2917
174 41 2929 2947 2946 2948
175 41 2977 2979 2978 2980
176 41 2992 3010 3009 3011
177 41 3014 3016 3015 3017
178 41 3029 3047 3046 3048
179 41 3051 3053 3052 3054
180 41 3066 3084 3083 3085
181 41 3088 3090 3089 3091
182 41 3103 3121 3120 3122
183 41 3125 3127 3126 3128
184 41 3140 3158 3157 3159
185 41 3188 3190 3189 3191
186 41 3203 3221 3220 3222
187 41 3225 3227 3226 3228
188 41 3240 3258 3257 3259
189 41 3262 3264 3263 3265
190 41 3277 3295 3294 3296
191 41 3299 3301 3300 3302
192 41 3314 3332 3331 3333
193 41 3336 3338 3337 3339
194 41 3351 3369 3368 3370
195 41 3399 3401 3400 3402
196 41 3414 3432 3431 3433
197 41 3436 3438 3437 3439
198 41 3451 3469 3468 3470
199 41 3473 3475 3474 3476
200 41 3488 3506 3505 3507
201 41 3510 3512 3511 3513
202 41 3525 3543 3542 3544
203 41 3547 3549 3548 3550
204 41 3562 3580 3579 3581
