1 39 1 3 2 4
2 39 22 24 23 25
3 39 44 46 45 47
4 39 66 68 67 69
5 39 179 181 180 182
6 39 200 202 201 203
7 39 222 224 223 225
8 39 244 246 245 247
9 39 357 359 358 360
10 39 378 380 379 381
11 39 400 402 401 403
12 39 422 424 423 425
13 39 535 537 536 538
14 39 556 558 557 559
15 39 578 580 579 581
16 39 600 602 601 603
17 39 713 715 714 716
18 39 734 736 735 737
19 39 756 758 757 759
20 39 778 780 779 781
21 39 891 893 892 894
22 39 912 914 913 915
23 39 934 936 935 937
24 39 956 958 957 959
25 39 1069 1071 1070 1072
26 39 1090 1092 1091 1093
27 39 1112 1114 1113 1115
28 39 1134 1136 1135 1137
29 39 1247 1249 1248 1250
30 39 1268 1270 1269 1271
31 39 1290 1292 1291 1293
32 39 1312 1314 1313 1315
33 39 1425 1427 1426 1428
34 39 1446 1448 1447 1449
35 39 1468 1470 1469 1471
36 39 1490 1492 1491 1493
37 39 1603 1605 1604 1606
38 39 1624 1626 1625 1627
39 39 1646 1648 1647 1649
40 39 1668 1670 1669 1671
41 39 1781 1783 1782 1784
42 39 1802 1804 1803 1805
43 39 1824 1826 1825 1827
44 39 1846 1848 1847 1849
45 39 1959 1961 1960 1962
46 39 1980 1982 1981 1983
47 39 2002 2004 2003 2005
48 39 2024 2026 2025 2027
49 39 2137 2139 2138 2140
50 39 2158 2160 2159 2161
51 39 2180 2182 2181 2183
52 39 2202 2204 2203 2205
53 39 2315 2317 2316 2318
54 39 2336 2338 2337 2339
55 39 2358 2360 2359 2361
56 39 2380 2382 2381 2383
57 39 2493 2495 2494 2496
58 39 2514 2516 2515 2517
59 39 2536 2538 2537 2539
60 39 2558 2560 2559 2561
61 39 2671 2673 2672 2674
62 39 2692 2694 2693 2695
63 39 2714 2716 2715 2717
64 39 2736 2738 2737 2739
65 39 2849 2851 2850 2852
66 39 2870 2872 2871 2873
67 39 2892 2894 2893 2895
68 39 2914 2916 2915 2917
69 40 2 5 4 6
70 40 23 26 25 27
71 40 45 48 47 49
72 40 67 70 69 71
73 40 180 183 182 184
74 40 201 204 203 205
75 40 223 226 225 227
76 40 245 248 247 249
77 40 358 361 360 362
78 40 379 382 381 383
79 40 401 404 403 405
80 40 423 426 425 427
81 40 536 539 538 540
82 40 557 560 559 561
83 40 579 582 581 583
84 40 601 604 603 605
85 40 714 717 716 718
86 40 735 738 737 739
87 40 757 760 759 761
88 40 779 782 781 783
89 40 892 895 894 896
90 40 913 916 915 917
91 40 935 938 937 939
92 40 957 960 959 961
93 40 1070 1073 1072 1074
94 40 1091 1094 1093 1095
95 40 1113 1116 1115 1117
96 40 1135 1138 1137 1139
97 40 1248 1251 1250 1252
98 40 1269 1272 1271 1273
99 40 1291 1294 1293 1295
100 40 1313 1316 1315 1317
101 40 1426 1429 1428 1430
102 40 1447 1450 1449 1451
103 40 1469 1472 1471 1473
104 40 1491 1494 1493 1495
105 40 1604 1607 1606 1608
106 40 1625 1628 1627 1629
107 40 1647 1650 1649 1651
108 40 1669 1672 1671 1673
109 40 1782 1785 1784 1786
110 40 1803 1806 1805 1807
111 40 1825 1828 1827 1829
112 40 1847 1850 1849 1851
113 40 1960 1963 1962 1964
114 40 1981 1984 1983 1985
115 40 2003 2006 2005 2007
116 40 2025 2028 2027 2029
117 40 2138 2141 2140 2142
118 40 2159 2162 2161 2163
119 40 2181 2184 2183 2185
120 40 2203 2206 2205 2207
121 40 2316 2319 2318 2320
122 40 2337 2340 2339 2341
123 40 2359 2362 2361 2363
124 40 2381 2384 2383 2385
125 40 2494 2497 2496 2498
126 40 2515 2518 2517 2519
127 40 2537 2540 2539 2541
128 40 2559 2562 2561 2563
129 40 2672 2675 2674 2676
130 40 2693 2696 2695 2697
131 40 2715 2718 2717 2719
132 40 2737 2740 2739 2741
133 40 2850 2853 2852 2854
134 40 2871 2874 2873 2875
135 40 2893 2896 2895 2897
136 40 2915 2918 2917 2919
137 41 88 90 89 91
138 41 103 121 120 122
139 41 124 126 125 127
140 41 139 157 156 158
141 41 266 268 267 269
142 41 281 299 298 300
143 41 302 304 303 305
144 41 317 335 334 336
145 41 444 446 445 447
146 41 459 477 476 478
147 41 480 482 481 483
148 41 495 513 512 514
149 41 622 624 623 625
150 41 637 655 654 656
151 41 658 660 659 661
152 41 673 691 690 692
153 41 800 802 801 803
154 41 815 833 832 834
155 41 836 838 837 839
156 41 851 869 868 870
157 41 978 980 979 981
158 41 993 1011 1010 1012
159 41 1014 1016 1015 1017
160 41 1029 1047 1046 1048
161 41 1156 1158 1157 1159
162 41 1171 1189 1188 1190
163 41 1192 1194 1193 1195
164 41 1207 1225 1224 1226
165 41 1334 1336 1335 1337
166 41 1349 1367 1366 1368
167 41 1370 1372 1371 1373
168 41 1385 1403 1402 1404
169 41 1512 1514 1513 1515
170 41 1527 1545 1544 1546
171 41 1548 1550 1549 1551
172 41 1563 1581 1580 1582
173 41 1690 1692 1691 1693
174 41 1705 1723 1722 1724
175 41 1726 1728 1727 1729
176 41 1741 1759 1758 1760
177 41 1868 1870 1869 1871
178 41 1883 1901 1900 1902
179 41 1904 1906 1905 1907
180 41 1919 1937 1936 1938
181 41 2046 2048 2047 2049
182 41 2061 2079 2078 2080
183 41 2082 2084 2083 2085
184 41 2097 2115 2114 2116
185 41 2224 2226 2225 2227
186 41 2239 2257 2256 2258
187 41 2260 2262 2261 2263
188 41 2275 2293 2292 2294
189 41 2402 2404 2403 2405
190 41 2417 2435 2434 2436
191 41 2438 2440 2439 2441
192 41 2453 2471 2470 2472
193 41 2580 2582 2581 2583
194 41 2595 2613 2612 2614
195 41 2616 2618 2617 2619
196 41 2631 2649 2648 2650
197 41 2758 2760 2759 2761
198 41 2773 2791 2790 2792
199 41 2794 2796 2795 2797
200 41 2809 2827 2826 2828
201 41 2936 2938 2937 2939
202 41 2951 2969 2968 2970
203 41 2972 2974 2973 2975
204 41 2987 3005 3004 3006
