    1 64 31
    2 31 31
    3 35 35
    4 35 3
    5 35 4
    6 35 1
    7 35 5
    8 35 6
    9 35 9
    10 35 15
    11 35 38
    12 35 39
    13 35 37
    14 35 40
    15 35 41
    16 35 42
    17 35 48
    18 35 49
    19 35 61
    20 35 62
    21 35 63
    22 35 65
    23 35 66
    24 35 67
    25 35 68
    26 35 76
    27 35 78
    28 35 79
    29 35 80
    30 35 81
    31 3 3
    32 3 4
    33 3 5
    34 3 6
    35 3 11
    36 3 13
    37 3 14
    38 3 34
    39 3 15
    40 3 33
    41 3 25
    42 3 26
    43 3 36
    44 3 38
    45 3 39
    46 3 40
    47 3 41
    48 3 37
    49 3 42
    50 3 46
    51 3 47
    52 3 48
    53 3 49
    54 3 61
    55 3 62
    56 3 63
    57 3 65
    58 3 66
    59 3 67
    60 3 68
    61 3 77
    62 3 76
    63 3 78
    64 3 79
    65 3 80
    66 3 81
    67 4 4
    68 4 5
    69 4 6
    70 4 9
    71 4 10
    72 4 11
    73 4 12
    74 4 34
    75 4 17
    76 4 15
    77 4 16
    78 4 33
    79 4 23
    80 4 24
    81 4 25
    82 4 26
    83 4 32
    84 4 36
    85 4 38
    86 4 39
    87 4 40
    88 4 37
    89 4 41
    90 4 42
    91 4 44
    92 4 45
    93 4 46
    94 4 47
    95 4 48
    96 4 49
    97 4 61
    98 4 62
    99 4 63
    100 4 65
    101 4 66
    102 4 67
    103 4 68
    104 4 72
    105 4 73
    106 4 77
    107 4 76
    108 4 78
    109 4 79
    110 4 80
    111 4 81
    112 5 5
    113 5 6
    114 5 9
    115 5 10
    116 5 11
    117 5 12
    118 5 34
    119 5 17
    120 5 18
    121 5 15
    122 5 16
    123 5 33
    124 5 20
    125 5 21
    126 5 22
    127 5 26
    128 5 32
    129 5 36
    130 5 38
    131 5 39
    132 5 37
    133 5 40
    134 5 41
    135 5 42
    136 5 44
    137 5 45
    138 5 48
    139 5 49
    140 5 61
    141 5 62
    142 5 63
    143 5 65
    144 5 66
    145 5 67
    146 5 68
    147 5 74
    148 5 75
    149 5 76
    150 5 78
    151 5 79
    152 5 80
    153 5 81
    154 5 82
    155 5 83
    156 6 6
    157 6 9
    158 6 10
    159 6 11
    160 6 12
    161 6 13
    162 6 14
    163 6 34
    164 6 7
    165 6 8
    166 6 15
    167 6 16
    168 6 33
    169 6 23
    170 6 24
    171 6 25
    172 6 36
    173 6 38
    174 6 39
    175 6 37
    176 6 41
    177 6 42
    178 6 43
    179 6 44
    180 6 45
    181 6 46
    182 6 47
    183 6 48
    184 6 49
    185 6 61
    186 6 62
    187 6 63
    188 6 65
    189 6 66
    190 6 67
    191 6 68
    192 6 72
    193 6 73
    194 6 74
    195 6 75
    196 6 76
    197 6 78
    198 6 79
    199 6 80
    200 6 81
    201 6 82
    202 6 83
    203 1 3
    204 1 4
    205 1 1
    206 1 5
    207 1 6
    208 1 9
    209 9 9
    210 9 10
    211 9 11
    212 9 12
    213 9 13
    214 9 14
    215 9 34
    216 9 15
    217 1 10
    218 1 11
    219 1 12
    220 9 33
    221 1 13
    222 1 14
    223 9 23
    224 9 24
    225 9 25
    226 1 34
    227 9 39
    228 9 37
    229 9 41
    230 9 42
    231 9 44
    232 9 45
    233 9 46
    234 9 47
    235 9 48
    236 9 49
    237 9 62
    238 9 63
    239 9 71
    240 9 80
    241 9 81
    242 9 82
    243 9 83
    244 1 17
    245 1 15
    246 1 16
    247 10 10
    248 10 11
    249 10 12
    250 10 13
    251 10 14
    252 10 34
    253 10 15
    254 10 16
    255 10 23
    256 10 24
    257 10 25
    258 10 39
    259 10 37
    260 10 42
    261 10 44
    262 10 45
    263 10 46
    264 10 48
    265 10 62
    266 10 63
    267 10 70
    268 10 81
    269 10 83
    270 11 11
    271 11 12
    272 11 13
    273 11 14
    274 11 34
    275 11 15
    276 11 16
    277 11 23
    278 11 25
    279 11 38
    280 11 39
    281 11 37
    282 11 42
    283 11 46
    284 11 47
    285 11 48
    286 11 62
    287 11 63
    288 11 65
    289 11 72
    290 11 74
    291 11 75
    292 11 76
    293 11 81
    294 11 82
    295 11 83
    296 1 33
    297 12 12
    298 12 13
    299 12 14
    300 12 23
    301 12 25
    302 12 38
    303 12 39
    304 12 37
    305 12 46
    306 12 47
    307 12 48
    308 12 62
    309 12 63
    310 12 65
    311 12 73
    312 12 74
    313 12 75
    314 12 76
    315 12 82
    316 12 83
    317 13 13
    318 13 14
    319 13 38
    320 13 46
    321 13 72
    322 1 23
    323 1 24
    324 1 25
    325 14 14
    326 14 38
    327 14 47
    328 14 73
    329 1 36
    330 34 34
    331 34 15
    332 34 16
    333 34 38
    334 34 39
    335 34 40
    336 34 37
    337 34 41
    338 34 42
    339 34 48
    340 34 49
    341 34 61
    342 34 62
    343 34 63
    344 34 65
    345 34 66
    346 34 67
    347 34 68
    348 34 69
    349 34 76
    350 34 77
    351 34 78
    352 34 79
    353 34 80
    354 34 81
    355 34 82
    356 34 83
    357 1 39
    358 1 41
    359 1 37
    360 1 44
    361 1 45
    362 1 46
    363 1 47
    364 1 49
    365 1 61
    366 1 62
    367 1 63
    368 1 65
    369 1 66
    370 1 67
    371 1 68
    372 7 7
    373 7 8
    374 1 72
    375 1 73
    376 7 42
    377 7 43
    378 1 74
    379 1 75
    380 8 8
    381 1 76
    382 1 78
    383 1 79
    384 1 80
    385 1 81
    386 1 82
    387 1 83
    388 17 17
    389 17 15
    390 17 25
    391 18 18
    392 18 16
    393 18 25
    394 15 18
    395 15 15
    396 15 16
    397 15 33
    398 15 20
    399 15 21
    400 15 26
    401 15 32
    402 15 39
    403 15 40
    404 15 37
    405 15 42
    406 15 48
    407 15 62
    408 15 63
    409 15 66
    410 15 78
    411 15 79
    412 15 81
    413 16 16
    414 16 33
    415 16 20
    416 16 21
    417 16 26
    418 16 37
    419 16 40
    420 16 62
    421 16 63
    422 16 79
    423 16 81
    424 19 48
    425 33 38
    426 33 39
    427 33 40
    428 33 37
    429 33 41
    430 33 42
    431 33 48
    432 33 49
    433 33 61
    434 33 62
    435 33 63
    436 33 65
    437 33 66
    438 33 67
    439 33 68
    440 33 77
    441 33 76
    442 33 78
    443 33 79
    444 33 80
    445 33 81
    446 27 38
    447 27 39
    448 27 40
    449 27 37
    450 27 41
    451 27 42
    452 27 48
    453 27 49
    454 28 61
    455 28 62
    456 29 65
    457 29 66
    458 29 67
    459 29 68
    460 30 76
    461 30 78
    462 30 79
    463 30 80
    464 36 36
    465 36 38
    466 36 39
    467 36 37
    468 36 40
    469 36 41
    470 36 42
    471 36 48
    472 36 49
    473 36 61
    474 36 62
    475 36 63
    476 36 65
    477 36 66
    478 36 67
    479 36 68
    480 36 76
    481 36 78
    482 36 79
    483 36 80
    484 36 81
    485 38 38
    486 38 39
    487 38 40
    488 38 41
    489 38 42
    490 38 44
    491 38 45
    492 38 46
    493 38 47
    494 38 48
    495 38 49
    496 38 61
    497 38 62
    498 38 63
    499 38 65
    500 38 66
    501 38 67
    502 38 68
    503 38 77
    504 38 76
    505 38 78
    506 38 79
    507 38 80
    508 38 81
    509 39 39
    510 39 40
    511 39 41
    512 39 42
    513 39 44
    514 39 45
    515 39 46
    516 39 47
    517 39 48
    518 39 49
    519 39 61
    520 39 62
    521 39 63
    522 39 65
    523 39 66
    524 39 67
    525 39 68
    526 39 72
    527 39 73
    528 39 77
    529 39 78
    530 39 76
    531 39 79
    532 39 80
    533 39 81
    534 40 40
    535 40 41
    536 40 42
    537 40 48
    538 40 49
    539 40 61
    540 40 62
    541 40 63
    542 40 65
    543 40 66
    544 40 67
    545 40 68
    546 40 75
    547 40 76
    548 40 78
    549 40 79
    550 40 80
    551 40 81
    552 40 83
    553 41 41
    554 41 42
    555 41 48
    556 41 49
    557 41 61
    558 41 62
    559 41 63
    560 41 65
    561 41 66
    562 41 67
    563 41 68
    564 41 75
    565 41 76
    566 41 78
    567 41 79
    568 41 80
    569 41 81
    570 42 42
    571 42 43
    572 42 44
    573 42 45
    574 42 48
    575 42 49
    576 42 61
    577 42 62
    578 42 63
    579 42 65
    580 42 66
    581 42 67
    582 42 68
    583 42 70
    584 42 71
    585 42 75
    586 42 76
    587 42 78
    588 42 79
    589 42 80
    590 42 81
    591 42 83
    592 43 43
    593 43 69
    594 44 44
    595 44 45
    596 44 63
    597 44 81
    598 44 83
    599 45 45
    600 45 63
    601 45 81
    602 45 83
    603 46 46
    604 46 47
    605 46 61
    606 46 65
    607 46 72
    608 46 74
    609 46 75
    610 46 76
    611 46 82
    612 46 83
    613 47 47
    614 47 61
    615 47 65
    616 47 73
    617 47 74
    618 47 75
    619 47 76
    620 47 82
    621 47 83
    622 48 48
    623 48 49
    624 48 61
    625 48 62
    626 48 63
    627 48 65
    628 48 66
    629 48 67
    630 48 68
    631 48 76
    632 48 78
    633 48 79
    634 48 80
    635 48 81
    636 48 83
    637 37 38
    638 37 39
    639 37 40
    640 37 41
    641 37 37
    642 37 42
    643 37 44
    644 37 45
    645 37 48
    646 37 49
    647 37 61
    648 37 62
    649 49 49
    650 49 61
    651 49 62
    652 49 63
    653 49 65
    654 49 66
    655 49 67
    656 49 68
    657 49 76
    658 37 63
    659 49 78
    660 49 79
    661 49 80
    662 49 81
    663 37 65
    664 37 66
    665 37 67
    666 37 68
    667 37 70
    668 37 71
    669 37 76
    670 37 78
    671 37 79
    672 37 80
    673 37 81
    674 37 83
    675 62 62
    676 62 63
    677 62 65
    678 62 66
    679 62 67
    680 62 68
    681 62 75
    682 62 76
    683 62 78
    684 62 79
    685 62 80
    686 62 81
    687 62 83
    688 61 61
    689 61 62
    690 61 63
    691 61 65
    692 61 66
    693 61 67
    694 61 68
    695 61 72
    696 61 73
    697 61 74
    698 61 75
    699 61 76
    700 61 77
    701 61 78
    702 61 79
    703 61 80
    704 63 63
    705 63 65
    706 63 66
    707 63 67
    708 63 68
    709 63 75
    710 63 76
    711 61 81
    712 63 78
    713 63 79
    714 63 80
    715 63 81
    716 63 83
    717 61 82
    718 61 83
    719 65 65
    720 65 66
    721 65 67
    722 65 68
    723 65 72
    724 65 73
    725 65 76
    726 65 78
    727 65 79
    728 65 80
    729 65 81
    730 66 66
    731 66 67
    732 66 68
    733 66 76
    734 66 78
    735 66 79
    736 66 80
    737 66 81
    738 67 67
    739 67 68
    740 67 76
    741 67 78
    742 67 79
    743 67 80
    744 67 81
    745 68 68
    746 68 76
    747 68 78
    748 68 79
    749 68 80
    750 68 81
    751 72 72
    752 72 73
    753 72 74
    754 72 75
    755 72 76
    756 72 82
    757 72 83
    758 73 73
    759 73 74
    760 73 75
    761 73 76
    762 73 82
    763 73 83
    764 74 75
    765 74 82
    766 74 83
    767 75 75
    768 75 82
    769 75 83
    770 78 78
    771 78 79
    772 78 80
    773 78 81
    774 79 79
    775 79 80
    776 79 81
    777 80 80
    778 80 81
    779 76 76
    780 76 77
    781 76 78
    782 76 79
    783 76 80
    784 76 81
    785 81 81
    786 82 82
    787 82 83
    788 83 83
    789 35 10
    790 3 12
    791 10 33
    792 10 41
    793 10 47
    794 10 49
    795 10 80
    796 10 82
    797 9 16
    798 12 34
    799 12 15
    800 12 16
    801 12 42
    802 12 81
    803 8 42
    804 8 43
    805 34 75
    806 33 75
    807 75 76
    808 16 48
    809 16 32
    810 35 11
    811 9 36
    812 16 41
    813 16 66
    814 16 42
    815 15 41
    816 46 78
    817 18 81
    818 16 49
    819 11 18
    820 10 36
    821 16 78
    822 39 83
    823 9 79
    824 36 77
    825 35 16
    826 35 12
    827 47 78
    828 12 18
    829 10 79
    830 81 83
    831 24 11
    832 24 12
    833 11 78
    834 12 78
    835 16 75
    836 10 61
    837 46 79
    838 47 79
    839 11 49
    840 12 49
    1 64 31
    2 31 31
    3 35 35
    4 35 3
    5 35 4
    6 35 1
    7 35 5
    8 35 6
    9 35 9
    10 35 15
    11 35 38
    12 35 39
    13 35 37
    14 35 40
    15 35 41
    16 35 42
    17 35 48
    18 35 49
    19 35 61
    20 35 62
    21 35 63
    22 35 65
    23 35 66
    24 35 67
    25 35 68
    26 35 76
    27 35 78
    28 35 79
    29 35 80
    30 35 81
    31 3 3
    32 3 4
    33 3 5
    34 3 6
    35 3 11
    36 3 13
    37 3 14
    38 3 34
    39 3 15
    40 3 33
    41 3 25
    42 3 26
    43 3 36
    44 3 38
    45 3 39
    46 3 40
    47 3 41
    48 3 37
    49 3 42
    50 3 46
    51 3 47
    52 3 48
    53 3 49
    54 3 61
    55 3 62
    56 3 63
    57 3 65
    58 3 66
    59 3 67
    60 3 68
    61 3 77
    62 3 76
    63 3 78
    64 3 79
    65 3 80
    66 3 81
    67 4 4
    68 4 5
    69 4 6
    70 4 9
    71 4 10
    72 4 11
    73 4 12
    74 4 34
    75 4 17
    76 4 15
    77 4 16
    78 4 33
    79 4 23
    80 4 24
    81 4 25
    82 4 26
    83 4 32
    84 4 36
    85 4 38
    86 4 39
    87 4 40
    88 4 37
    89 4 41
    90 4 42
    91 4 44
    92 4 45
    93 4 46
    94 4 47
    95 4 48
    96 4 49
    97 4 61
    98 4 62
    99 4 63
    100 4 65
    101 4 66
    102 4 67
    103 4 68
    104 4 72
    105 4 73
    106 4 77
    107 4 76
    108 4 78
    109 4 79
    110 4 80
    111 4 81
    112 5 5
    113 5 6
    114 5 9
    115 5 10
    116 5 11
    117 5 12
    118 5 34
    119 5 17
    120 5 18
    121 5 15
    122 5 16
    123 5 33
    124 5 20
    125 5 21
    126 5 22
    127 5 26
    128 5 32
    129 5 36
    130 5 38
    131 5 39
    132 5 37
    133 5 40
    134 5 41
    135 5 42
    136 5 44
    137 5 45
    138 5 48
    139 5 49
    140 5 61
    141 5 62
    142 5 63
    143 5 65
    144 5 66
    145 5 67
    146 5 68
    147 5 74
    148 5 75
    149 5 76
    150 5 78
    151 5 79
    152 5 80
    153 5 81
    154 5 82
    155 5 83
    156 6 6
    157 6 9
    158 6 10
    159 6 11
    160 6 12
    161 6 13
    162 6 14
    163 6 34
    164 6 7
    165 6 8
    166 6 15
    167 6 16
    168 6 33
    169 6 23
    170 6 24
    171 6 25
    172 6 36
    173 6 38
    174 6 39
    175 6 37
    176 6 41
    177 6 42
    178 6 43
    179 6 44
    180 6 45
    181 6 46
    182 6 47
    183 6 48
    184 6 49
    185 6 61
    186 6 62
    187 6 63
    188 6 65
    189 6 66
    190 6 67
    191 6 68
    192 6 72
    193 6 73
    194 6 74
    195 6 75
    196 6 76
    197 6 78
    198 6 79
    199 6 80
    200 6 81
    201 6 82
    202 6 83
    203 1 3
    204 1 4
    205 1 1
    206 1 5
    207 1 6
    208 1 9
    209 9 9
    210 9 10
    211 9 11
    212 9 12
    213 9 13
    214 9 14
    215 9 34
    216 9 15
    217 1 10
    218 1 11
    219 1 12
    220 9 33
    221 1 13
    222 1 14
    223 9 23
    224 9 24
    225 9 25
    226 1 34
    227 9 39
    228 9 37
    229 9 41
    230 9 42
    231 9 44
    232 9 45
    233 9 46
    234 9 47
    235 9 48
    236 9 49
    237 9 62
    238 9 63
    239 9 71
    240 9 80
    241 9 81
    242 9 82
    243 9 83
    244 1 17
    245 1 15
    246 1 16
    247 10 10
    248 10 11
    249 10 12
    250 10 13
    251 10 14
    252 10 34
    253 10 15
    254 10 16
    255 10 23
    256 10 24
    257 10 25
    258 10 39
    259 10 37
    260 10 42
    261 10 44
    262 10 45
    263 10 46
    264 10 48
    265 10 62
    266 10 63
    267 10 70
    268 10 81
    269 10 83
    270 11 11
    271 11 12
    272 11 13
    273 11 14
    274 11 34
    275 11 15
    276 11 16
    277 11 23
    278 11 25
    279 11 38
    280 11 39
    281 11 37
    282 11 42
    283 11 46
    284 11 47
    285 11 48
    286 11 62
    287 11 63
    288 11 65
    289 11 72
    290 11 74
    291 11 75
    292 11 76
    293 11 81
    294 11 82
    295 11 83
    296 1 33
    297 12 12
    298 12 13
    299 12 14
    300 12 23
    301 12 25
    302 12 38
    303 12 39
    304 12 37
    305 12 46
    306 12 47
    307 12 48
    308 12 62
    309 12 63
    310 12 65
    311 12 73
    312 12 74
    313 12 75
    314 12 76
    315 12 82
    316 12 83
    317 13 13
    318 13 14
    319 13 38
    320 13 46
    321 13 72
    322 1 23
    323 1 24
    324 1 25
    325 14 14
    326 14 38
    327 14 47
    328 14 73
    329 1 36
    330 34 34
    331 34 15
    332 34 16
    333 34 38
    334 34 39
    335 34 40
    336 34 37
    337 34 41
    338 34 42
    339 34 48
    340 34 49
    341 34 61
    342 34 62
    343 34 63
    344 34 65
    345 34 66
    346 34 67
    347 34 68
    348 34 69
    349 34 76
    350 34 77
    351 34 78
    352 34 79
    353 34 80
    354 34 81
    355 34 82
    356 34 83
    357 1 39
    358 1 41
    359 1 37
    360 1 44
    361 1 45
    362 1 46
    363 1 47
    364 1 49
    365 1 61
    366 1 62
    367 1 63
    368 1 65
    369 1 66
    370 1 67
    371 1 68
    372 7 7
    373 7 8
    374 1 72
    375 1 73
    376 7 42
    377 7 43
    378 1 74
    379 1 75
    380 8 8
    381 1 76
    382 1 78
    383 1 79
    384 1 80
    385 1 81
    386 1 82
    387 1 83
    388 17 17
    389 17 15
    390 17 25
    391 18 18
    392 18 16
    393 18 25
    394 15 18
    395 15 15
    396 15 16
    397 15 33
    398 15 20
    399 15 21
    400 15 26
    401 15 32
    402 15 39
    403 15 40
    404 15 37
    405 15 42
    406 15 48
    407 15 62
    408 15 63
    409 15 66
    410 15 78
    411 15 79
    412 15 81
    413 16 16
    414 16 33
    415 16 20
    416 16 21
    417 16 26
    418 16 37
    419 16 40
    420 16 62
    421 16 63
    422 16 79
    423 16 81
    424 19 48
    425 33 38
    426 33 39
    427 33 40
    428 33 37
    429 33 41
    430 33 42
    431 33 48
    432 33 49
    433 33 61
    434 33 62
    435 33 63
    436 33 65
    437 33 66
    438 33 67
    439 33 68
    440 33 77
    441 33 76
    442 33 78
    443 33 79
    444 33 80
    445 33 81
    446 27 38
    447 27 39
    448 27 40
    449 27 37
    450 27 41
    451 27 42
    452 27 48
    453 27 49
    454 28 61
    455 28 62
    456 29 65
    457 29 66
    458 29 67
    459 29 68
    460 30 76
    461 30 78
    462 30 79
    463 30 80
    464 36 36
    465 36 38
    466 36 39
    467 36 37
    468 36 40
    469 36 41
    470 36 42
    471 36 48
    472 36 49
    473 36 61
    474 36 62
    475 36 63
    476 36 65
    477 36 66
    478 36 67
    479 36 68
    480 36 76
    481 36 78
    482 36 79
    483 36 80
    484 36 81
    485 38 38
    486 38 39
    487 38 40
    488 38 41
    489 38 42
    490 38 44
    491 38 45
    492 38 46
    493 38 47
    494 38 48
    495 38 49
    496 38 61
    497 38 62
    498 38 63
    499 38 65
    500 38 66
    501 38 67
    502 38 68
    503 38 77
    504 38 76
    505 38 78
    506 38 79
    507 38 80
    508 38 81
    509 39 39
    510 39 40
    511 39 41
    512 39 42
    513 39 44
    514 39 45
    515 39 46
    516 39 47
    517 39 48
    518 39 49
    519 39 61
    520 39 62
    521 39 63
    522 39 65
    523 39 66
    524 39 67
    525 39 68
    526 39 72
    527 39 73
    528 39 77
    529 39 78
    530 39 76
    531 39 79
    532 39 80
    533 39 81
    534 40 40
    535 40 41
    536 40 42
    537 40 48
    538 40 49
    539 40 61
    540 40 62
    541 40 63
    542 40 65
    543 40 66
    544 40 67
    545 40 68
    546 40 75
    547 40 76
    548 40 78
    549 40 79
    550 40 80
    551 40 81
    552 40 83
    553 41 41
    554 41 42
    555 41 48
    556 41 49
    557 41 61
    558 41 62
    559 41 63
    560 41 65
    561 41 66
    562 41 67
    563 41 68
    564 41 75
    565 41 76
    566 41 78
    567 41 79
    568 41 80
    569 41 81
    570 42 42
    571 42 43
    572 42 44
    573 42 45
    574 42 48
    575 42 49
    576 42 61
    577 42 62
    578 42 63
    579 42 65
    580 42 66
    581 42 67
    582 42 68
    583 42 70
    584 42 71
    585 42 75
    586 42 76
    587 42 78
    588 42 79
    589 42 80
    590 42 81
    591 42 83
    592 43 43
    593 43 69
    594 44 44
    595 44 45
    596 44 63
    597 44 81
    598 44 83
    599 45 45
    600 45 63
    601 45 81
    602 45 83
    603 46 46
    604 46 47
    605 46 61
    606 46 65
    607 46 72
    608 46 74
    609 46 75
    610 46 76
    611 46 82
    612 46 83
    613 47 47
    614 47 61
    615 47 65
    616 47 73
    617 47 74
    618 47 75
    619 47 76
    620 47 82
    621 47 83
    622 48 48
    623 48 49
    624 48 61
    625 48 62
    626 48 63
    627 48 65
    628 48 66
    629 48 67
    630 48 68
    631 48 76
    632 48 78
    633 48 79
    634 48 80
    635 48 81
    636 48 83
    637 37 38
    638 37 39
    639 37 40
    640 37 41
    641 37 37
    642 37 42
    643 37 44
    644 37 45
    645 37 48
    646 37 49
    647 37 61
    648 37 62
    649 49 49
    650 49 61
    651 49 62
    652 49 63
    653 49 65
    654 49 66
    655 49 67
    656 49 68
    657 49 76
    658 37 63
    659 49 78
    660 49 79
    661 49 80
    662 49 81
    663 37 65
    664 37 66
    665 37 67
    666 37 68
    667 37 70
    668 37 71
    669 37 76
    670 37 78
    671 37 79
    672 37 80
    673 37 81
    674 37 83
    675 62 62
    676 62 63
    677 62 65
    678 62 66
    679 62 67
    680 62 68
    681 62 75
    682 62 76
    683 62 78
    684 62 79
    685 62 80
    686 62 81
    687 62 83
    688 61 61
    689 61 62
    690 61 63
    691 61 65
    692 61 66
    693 61 67
    694 61 68
    695 61 72
    696 61 73
    697 61 74
    698 61 75
    699 61 76
    700 61 77
    701 61 78
    702 61 79
    703 61 80
    704 63 63
    705 63 65
    706 63 66
    707 63 67
    708 63 68
    709 63 75
    710 63 76
    711 61 81
    712 63 78
    713 63 79
    714 63 80
    715 63 81
    716 63 83
    717 61 82
    718 61 83
    719 65 65
    720 65 66
    721 65 67
    722 65 68
    723 65 72
    724 65 73
    725 65 76
    726 65 78
    727 65 79
    728 65 80
    729 65 81
    730 66 66
    731 66 67
    732 66 68
    733 66 76
    734 66 78
    735 66 79
    736 66 80
    737 66 81
    738 67 67
    739 67 68
    740 67 76
    741 67 78
    742 67 79
    743 67 80
    744 67 81
    745 68 68
    746 68 76
    747 68 78
    748 68 79
    749 68 80
    750 68 81
    751 72 72
    752 72 73
    753 72 74
    754 72 75
    755 72 76
    756 72 82
    757 72 83
    758 73 73
    759 73 74
    760 73 75
    761 73 76
    762 73 82
    763 73 83
    764 74 75
    765 74 82
    766 74 83
    767 75 75
    768 75 82
    769 75 83
    770 78 78
    771 78 79
    772 78 80
    773 78 81
    774 79 79
    775 79 80
    776 79 81
    777 80 80
    778 80 81
    779 76 76
    780 76 77
    781 76 78
    782 76 79
    783 76 80
    784 76 81
    785 81 81
    786 82 82
    787 82 83
    788 83 83
    789 35 10
    790 3 12
    791 10 33
    792 10 41
    793 10 47
    794 10 49
    795 10 80
    796 10 82
    797 9 16
    798 12 34
    799 12 15
    800 12 16
    801 12 42
    802 12 81
    803 8 42
    804 8 43
    805 34 75
    806 33 75
    807 75 76
    808 16 48
    809 16 32
    810 35 11
    811 9 36
    812 16 41
    813 16 66
    814 16 42
    815 15 41
    816 46 78
    817 18 81
    818 16 49
    819 11 18
    820 10 36
    821 16 78
    822 39 83
    823 9 79
    824 36 77
    825 35 16
    826 35 12
    827 47 78
    828 12 18
    829 10 79
    830 81 83
    831 24 11
    832 24 12
    833 11 78
    834 12 78
    835 16 75
    836 10 61
    837 46 79
    838 47 79
    839 11 49
    840 12 49
    841 1 50
    842 27 50
    843 5 50
