1 206 1 2
2 127 1 22
3 112 1 23
4 127 1 208
5 365 2 3
6 841 2 4
7 842 4 5
8 843 4 6
9 112 6 7
10 112 6 8
11 112 6 9
12 127 7 14
13 127 7 15
14 127 7 16
15 127 8 17
16 127 8 18
17 127 8 19
18 151 9 10
19 124 9 20
20 124 9 21
21 702 10 11
22 702 10 12
23 702 10 13
24 206 23 24
25 127 23 58
26 112 23 60
27 365 24 25
28 367 24 26
29 142 26 27
30 112 27 28
31 124 27 39
32 124 27 40
33 142 28 29
34 124 28 41
35 124 28 42
36 142 29 30
37 112 30 31
38 124 30 43
39 124 30 44
40 142 31 32
41 124 31 45
42 124 31 46
43 142 32 33
44 112 33 34
45 124 33 47
46 124 33 48
47 142 34 35
48 124 34 49
49 124 34 50
50 142 35 36
51 112 36 37
52 124 36 51
53 124 36 52
54 142 37 38
55 124 37 53
56 124 37 54
57 367 38 55
58 365 55 56
59 206 55 57
60 127 57 59
61 112 57 94
62 127 57 210
63 206 60 61
64 127 60 95
65 112 60 97
66 365 61 62
67 367 61 63
68 142 63 64
69 112 64 65
70 124 64 76
71 124 64 77
72 142 65 66
73 124 65 78
74 124 65 79
75 142 66 67
76 112 67 68
77 124 67 80
78 124 67 81
79 142 68 69
80 124 68 82
81 124 68 83
82 142 69 70
83 112 70 71
84 124 70 84
85 124 70 85
86 142 71 72
87 124 71 86
88 124 71 87
89 142 72 73
90 112 73 74
91 124 73 88
92 124 73 89
93 142 74 75
94 124 74 90
95 124 74 91
96 367 75 92
97 365 92 93
98 206 92 94
99 127 94 96
100 112 94 131
101 206 97 98
102 127 97 132
103 112 97 134
104 365 98 99
105 367 98 100
106 142 100 101
107 112 101 102
108 124 101 113
109 124 101 114
110 142 102 103
111 124 102 115
112 124 102 116
113 142 103 104
114 112 104 105
115 124 104 117
116 124 104 118
117 142 105 106
118 124 105 119
119 124 105 120
120 142 106 107
121 112 107 108
122 124 107 121
123 124 107 122
124 142 108 109
125 124 108 123
126 124 108 124
127 142 109 110
128 112 110 111
129 124 110 125
130 124 110 126
131 142 111 112
132 124 111 127
133 124 111 128
134 367 112 129
135 365 129 130
136 206 129 131
137 127 131 133
138 112 131 168
139 206 134 135
140 127 134 169
141 112 134 171
142 365 135 136
143 367 135 137
144 142 137 138
145 112 138 139
146 124 138 150
147 124 138 151
148 142 139 140
149 124 139 152
150 124 139 153
151 142 140 141
152 112 141 142
153 124 141 154
154 124 141 155
155 142 142 143
156 124 142 156
157 124 142 157
158 142 143 144
159 112 144 145
160 124 144 158
161 124 144 159
162 142 145 146
163 124 145 160
164 124 145 161
165 142 146 147
166 112 147 148
167 124 147 162
168 124 147 163
169 142 148 149
170 124 148 164
171 124 148 165
172 367 149 166
173 365 166 167
174 206 166 168
175 127 168 170
176 112 168 205
177 206 171 172
178 127 171 206
179 127 171 209
180 365 172 173
181 367 172 174
182 142 174 175
183 112 175 176
184 124 175 187
185 124 175 188
186 142 176 177
187 124 176 189
188 124 176 190
189 142 177 178
190 112 178 179
191 124 178 191
192 124 178 192
193 142 179 180
194 124 179 193
195 124 179 194
196 142 180 181
197 112 181 182
198 124 181 195
199 124 181 196
200 142 182 183
201 124 182 197
202 124 182 198
203 142 183 184
204 112 184 185
205 124 184 199
206 124 184 200
207 142 185 186
208 124 185 201
209 124 185 202
210 367 186 203
211 365 203 204
212 206 203 205
213 127 205 207
214 127 205 211
215 206 212 213
216 127 212 233
217 112 212 234
218 127 212 419
219 365 213 214
220 841 213 215
221 842 215 216
222 843 215 217
223 112 217 218
224 112 217 219
225 112 217 220
226 127 218 225
227 127 218 226
228 127 218 227
229 127 219 228
230 127 219 229
231 127 219 230
232 151 220 221
233 124 220 231
234 124 220 232
235 702 221 222
236 702 221 223
237 702 221 224
238 206 234 235
239 127 234 269
240 112 234 271
241 365 235 236
242 367 235 237
243 142 237 238
244 112 238 239
245 124 238 250
246 124 238 251
247 142 239 240
248 124 239 252
249 124 239 253
250 142 240 241
251 112 241 242
252 124 241 254
253 124 241 255
254 142 242 243
255 124 242 256
256 124 242 257
257 142 243 244
258 112 244 245
259 124 244 258
260 124 244 259
261 142 245 246
262 124 245 260
263 124 245 261
264 142 246 247
265 112 247 248
266 124 247 262
267 124 247 263
268 142 248 249
269 124 248 264
270 124 248 265
271 367 249 266
272 365 266 267
273 206 266 268
274 127 268 270
275 112 268 305
276 127 268 421
277 206 271 272
278 127 271 306
279 112 271 308
280 365 272 273
281 367 272 274
282 142 274 275
283 112 275 276
284 124 275 287
285 124 275 288
286 142 276 277
287 124 276 289
288 124 276 290
289 142 277 278
290 112 278 279
291 124 278 291
292 124 278 292
293 142 279 280
294 124 279 293
295 124 279 294
296 142 280 281
297 112 281 282
298 124 281 295
299 124 281 296
300 142 282 283
301 124 282 297
302 124 282 298
303 142 283 284
304 112 284 285
305 124 284 299
306 124 284 300
307 142 285 286
308 124 285 301
309 124 285 302
310 367 286 303
311 365 303 304
312 206 303 305
313 127 305 307
314 112 305 342
315 206 308 309
316 127 308 343
317 112 308 345
318 365 309 310
319 367 309 311
320 142 311 312
321 112 312 313
322 124 312 324
323 124 312 325
324 142 313 314
325 124 313 326
326 124 313 327
327 142 314 315
328 112 315 316
329 124 315 328
330 124 315 329
331 142 316 317
332 124 316 330
333 124 316 331
334 142 317 318
335 112 318 319
336 124 318 332
337 124 318 333
338 142 319 320
339 124 319 334
340 124 319 335
341 142 320 321
342 112 321 322
343 124 321 336
344 124 321 337
345 142 322 323
346 124 322 338
347 124 322 339
348 367 323 340
349 365 340 341
350 206 340 342
351 127 342 344
352 112 342 379
353 206 345 346
354 127 345 380
355 112 345 382
356 365 346 347
357 367 346 348
358 142 348 349
359 112 349 350
360 124 349 361
361 124 349 362
362 142 350 351
363 124 350 363
364 124 350 364
365 142 351 352
366 112 352 353
367 124 352 365
368 124 352 366
369 142 353 354
370 124 353 367
371 124 353 368
372 142 354 355
373 112 355 356
374 124 355 369
375 124 355 370
376 142 356 357
377 124 356 371
378 124 356 372
379 142 357 358
380 112 358 359
381 124 358 373
382 124 358 374
383 142 359 360
384 124 359 375
385 124 359 376
386 367 360 377
387 365 377 378
388 206 377 379
389 127 379 381
390 112 379 416
391 206 382 383
392 127 382 417
393 127 382 420
394 365 383 384
395 367 383 385
396 142 385 386
397 112 386 387
398 124 386 398
399 124 386 399
400 142 387 388
401 124 387 400
402 124 387 401
403 142 388 389
404 112 389 390
405 124 389 402
406 124 389 403
407 142 390 391
408 124 390 404
409 124 390 405
410 142 391 392
411 112 392 393
412 124 392 406
413 124 392 407
414 142 393 394
415 124 393 408
416 124 393 409
417 142 394 395
418 112 395 396
419 124 395 410
420 124 395 411
421 142 396 397
422 124 396 412
423 124 396 413
424 367 397 414
425 365 414 415
426 206 414 416
427 127 416 418
428 127 416 422
429 206 423 424
430 127 423 444
431 112 423 445
432 127 423 630
433 365 424 425
434 841 424 426
435 842 426 427
436 843 426 428
437 112 428 429
438 112 428 430
439 112 428 431
440 127 429 436
441 127 429 437
442 127 429 438
443 127 430 439
444 127 430 440
445 127 430 441
446 151 431 432
447 124 431 442
448 124 431 443
449 702 432 433
450 702 432 434
451 702 432 435
452 206 445 446
453 127 445 480
454 112 445 482
455 365 446 447
456 367 446 448
457 142 448 449
458 112 449 450
459 124 449 461
460 124 449 462
461 142 450 451
462 124 450 463
463 124 450 464
464 142 451 452
465 112 452 453
466 124 452 465
467 124 452 466
468 142 453 454
469 124 453 467
470 124 453 468
471 142 454 455
472 112 455 456
473 124 455 469
474 124 455 470
475 142 456 457
476 124 456 471
477 124 456 472
478 142 457 458
479 112 458 459
480 124 458 473
481 124 458 474
482 142 459 460
483 124 459 475
484 124 459 476
485 367 460 477
486 365 477 478
487 206 477 479
488 127 479 481
489 112 479 516
490 127 479 632
491 206 482 483
492 127 482 517
493 112 482 519
494 365 483 484
495 367 483 485
496 142 485 486
497 112 486 487
498 124 486 498
499 124 486 499
500 142 487 488
501 124 487 500
502 124 487 501
503 142 488 489
504 112 489 490
505 124 489 502
506 124 489 503
507 142 490 491
508 124 490 504
509 124 490 505
510 142 491 492
511 112 492 493
512 124 492 506
513 124 492 507
514 142 493 494
515 124 493 508
516 124 493 509
517 142 494 495
518 112 495 496
519 124 495 510
520 124 495 511
521 142 496 497
522 124 496 512
523 124 496 513
524 367 497 514
525 365 514 515
526 206 514 516
527 127 516 518
528 112 516 553
529 206 519 520
530 127 519 554
531 112 519 556
532 365 520 521
533 367 520 522
534 142 522 523
535 112 523 524
536 124 523 535
537 124 523 536
538 142 524 525
539 124 524 537
540 124 524 538
541 142 525 526
542 112 526 527
543 124 526 539
544 124 526 540
545 142 527 528
546 124 527 541
547 124 527 542
548 142 528 529
549 112 529 530
550 124 529 543
551 124 529 544
552 142 530 531
553 124 530 545
554 124 530 546
555 142 531 532
556 112 532 533
557 124 532 547
558 124 532 548
559 142 533 534
560 124 533 549
561 124 533 550
562 367 534 551
563 365 551 552
564 206 551 553
565 127 553 555
566 112 553 590
567 206 556 557
568 127 556 591
569 112 556 593
570 365 557 558
571 367 557 559
572 142 559 560
573 112 560 561
574 124 560 572
575 124 560 573
576 142 561 562
577 124 561 574
578 124 561 575
579 142 562 563
580 112 563 564
581 124 563 576
582 124 563 577
583 142 564 565
584 124 564 578
585 124 564 579
586 142 565 566
587 112 566 567
588 124 566 580
589 124 566 581
590 142 567 568
591 124 567 582
592 124 567 583
593 142 568 569
594 112 569 570
595 124 569 584
596 124 569 585
597 142 570 571
598 124 570 586
599 124 570 587
600 367 571 588
601 365 588 589
602 206 588 590
603 127 590 592
604 112 590 627
605 206 593 594
606 127 593 628
607 127 593 631
608 365 594 595
609 367 594 596
610 142 596 597
611 112 597 598
612 124 597 609
613 124 597 610
614 142 598 599
615 124 598 611
616 124 598 612
617 142 599 600
618 112 600 601
619 124 600 613
620 124 600 614
621 142 601 602
622 124 601 615
623 124 601 616
624 142 602 603
625 112 603 604
626 124 603 617
627 124 603 618
628 142 604 605
629 124 604 619
630 124 604 620
631 142 605 606
632 112 606 607
633 124 606 621
634 124 606 622
635 142 607 608
636 124 607 623
637 124 607 624
638 367 608 625
639 365 625 626
640 206 625 627
641 127 627 629
642 127 627 633
643 206 634 635
644 127 634 655
645 112 634 656
646 127 634 841
647 365 635 636
648 841 635 637
649 842 637 638
650 843 637 639
651 112 639 640
652 112 639 641
653 112 639 642
654 127 640 647
655 127 640 648
656 127 640 649
657 127 641 650
658 127 641 651
659 127 641 652
660 151 642 643
661 124 642 653
662 124 642 654
663 702 643 644
664 702 643 645
665 702 643 646
666 206 656 657
667 127 656 691
668 112 656 693
669 365 657 658
670 367 657 659
671 142 659 660
672 112 660 661
673 124 660 672
674 124 660 673
675 142 661 662
676 124 661 674
677 124 661 675
678 142 662 663
679 112 663 664
680 124 663 676
681 124 663 677
682 142 664 665
683 124 664 678
684 124 664 679
685 142 665 666
686 112 666 667
687 124 666 680
688 124 666 681
689 142 667 668
690 124 667 682
691 124 667 683
692 142 668 669
693 112 669 670
694 124 669 684
695 124 669 685
696 142 670 671
697 124 670 686
698 124 670 687
699 367 671 688
700 365 688 689
701 206 688 690
702 127 690 692
703 112 690 727
704 127 690 843
705 206 693 694
706 127 693 728
707 112 693 730
708 365 694 695
709 367 694 696
710 142 696 697
711 112 697 698
712 124 697 709
713 124 697 710
714 142 698 699
715 124 698 711
716 124 698 712
717 142 699 700
718 112 700 701
719 124 700 713
720 124 700 714
721 142 701 702
722 124 701 715
723 124 701 716
724 142 702 703
725 112 703 704
726 124 703 717
727 124 703 718
728 142 704 705
729 124 704 719
730 124 704 720
731 142 705 706
732 112 706 707
733 124 706 721
734 124 706 722
735 142 707 708
736 124 707 723
737 124 707 724
738 367 708 725
739 365 725 726
740 206 725 727
741 127 727 729
742 112 727 764
743 206 730 731
744 127 730 765
745 112 730 767
746 365 731 732
747 367 731 733
748 142 733 734
749 112 734 735
750 124 734 746
751 124 734 747
752 142 735 736
753 124 735 748
754 124 735 749
755 142 736 737
756 112 737 738
757 124 737 750
758 124 737 751
759 142 738 739
760 124 738 752
761 124 738 753
762 142 739 740
763 112 740 741
764 124 740 754
765 124 740 755
766 142 741 742
767 124 741 756
768 124 741 757
769 142 742 743
770 112 743 744
771 124 743 758
772 124 743 759
773 142 744 745
774 124 744 760
775 124 744 761
776 367 745 762
777 365 762 763
778 206 762 764
779 127 764 766
780 112 764 801
781 206 767 768
782 127 767 802
783 112 767 804
784 365 768 769
785 367 768 770
786 142 770 771
787 112 771 772
788 124 771 783
789 124 771 784
790 142 772 773
791 124 772 785
792 124 772 786
793 142 773 774
794 112 774 775
795 124 774 787
796 124 774 788
797 142 775 776
798 124 775 789
799 124 775 790
800 142 776 777
801 112 777 778
802 124 777 791
803 124 777 792
804 142 778 779
805 124 778 793
806 124 778 794
807 142 779 780
808 112 780 781
809 124 780 795
810 124 780 796
811 142 781 782
812 124 781 797
813 124 781 798
814 367 782 799
815 365 799 800
816 206 799 801
817 127 801 803
818 112 801 838
819 206 804 805
820 127 804 839
821 127 804 842
822 365 805 806
823 367 805 807
824 142 807 808
825 112 808 809
826 124 808 820
827 124 808 821
828 142 809 810
829 124 809 822
830 124 809 823
831 142 810 811
832 112 811 812
833 124 811 824
834 124 811 825
835 142 812 813
836 124 812 826
837 124 812 827
838 142 813 814
839 112 814 815
840 124 814 828
841 124 814 829
842 142 815 816
843 124 815 830
844 124 815 831
845 142 816 817
846 112 817 818
847 124 817 832
848 124 817 833
849 142 818 819
850 124 818 834
851 124 818 835
852 367 819 836
853 365 836 837
854 206 836 838
855 127 838 840
856 127 838 844
857 206 845 846
858 127 845 866
859 112 845 867
860 127 845 1052
861 365 846 847
862 841 846 848
863 842 848 849
864 843 848 850
865 112 850 851
866 112 850 852
867 112 850 853
868 127 851 858
869 127 851 859
870 127 851 860
871 127 852 861
872 127 852 862
873 127 852 863
874 151 853 854
875 124 853 864
876 124 853 865
877 702 854 855
878 702 854 856
879 702 854 857
880 206 867 868
881 127 867 902
882 112 867 904
883 365 868 869
884 367 868 870
885 142 870 871
886 112 871 872
887 124 871 883
888 124 871 884
889 142 872 873
890 124 872 885
891 124 872 886
892 142 873 874
893 112 874 875
894 124 874 887
895 124 874 888
896 142 875 876
897 124 875 889
898 124 875 890
899 142 876 877
900 112 877 878
901 124 877 891
902 124 877 892
903 142 878 879
904 124 878 893
905 124 878 894
906 142 879 880
907 112 880 881
908 124 880 895
909 124 880 896
910 142 881 882
911 124 881 897
912 124 881 898
913 367 882 899
914 365 899 900
915 206 899 901
916 127 901 903
917 112 901 938
918 127 901 1054
919 206 904 905
920 127 904 939
921 112 904 941
922 365 905 906
923 367 905 907
924 142 907 908
925 112 908 909
926 124 908 920
927 124 908 921
928 142 909 910
929 124 909 922
930 124 909 923
931 142 910 911
932 112 911 912
933 124 911 924
934 124 911 925
935 142 912 913
936 124 912 926
937 124 912 927
938 142 913 914
939 112 914 915
940 124 914 928
941 124 914 929
942 142 915 916
943 124 915 930
944 124 915 931
945 142 916 917
946 112 917 918
947 124 917 932
948 124 917 933
949 142 918 919
950 124 918 934
951 124 918 935
952 367 919 936
953 365 936 937
954 206 936 938
955 127 938 940
956 112 938 975
957 206 941 942
958 127 941 976
959 112 941 978
960 365 942 943
961 367 942 944
962 142 944 945
963 112 945 946
964 124 945 957
965 124 945 958
966 142 946 947
967 124 946 959
968 124 946 960
969 142 947 948
970 112 948 949
971 124 948 961
972 124 948 962
973 142 949 950
974 124 949 963
975 124 949 964
976 142 950 951
977 112 951 952
978 124 951 965
979 124 951 966
980 142 952 953
981 124 952 967
982 124 952 968
983 142 953 954
984 112 954 955
985 124 954 969
986 124 954 970
987 142 955 956
988 124 955 971
989 124 955 972
990 367 956 973
991 365 973 974
992 206 973 975
993 127 975 977
994 112 975 1012
995 206 978 979
996 127 978 1013
997 112 978 1015
998 365 979 980
999 367 979 981
1000 142 981 982
1001 112 982 983
1002 124 982 994
1003 124 982 995
1004 142 983 984
1005 124 983 996
1006 124 983 997
1007 142 984 985
1008 112 985 986
1009 124 985 998
1010 124 985 999
1011 142 986 987
1012 124 986 1000
1013 124 986 1001
1014 142 987 988
1015 112 988 989
1016 124 988 1002
1017 124 988 1003
1018 142 989 990
1019 124 989 1004
1020 124 989 1005
1021 142 990 991
1022 112 991 992
1023 124 991 1006
1024 124 991 1007
1025 142 992 993
1026 124 992 1008
1027 124 992 1009
1028 367 993 1010
1029 365 1010 1011
1030 206 1010 1012
1031 127 1012 1014
1032 112 1012 1049
1033 206 1015 1016
1034 127 1015 1050
1035 127 1015 1053
1036 365 1016 1017
1037 367 1016 1018
1038 142 1018 1019
1039 112 1019 1020
1040 124 1019 1031
1041 124 1019 1032
1042 142 1020 1021
1043 124 1020 1033
1044 124 1020 1034
1045 142 1021 1022
1046 112 1022 1023
1047 124 1022 1035
1048 124 1022 1036
1049 142 1023 1024
1050 124 1023 1037
1051 124 1023 1038
1052 142 1024 1025
1053 112 1025 1026
1054 124 1025 1039
1055 124 1025 1040
1056 142 1026 1027
1057 124 1026 1041
1058 124 1026 1042
1059 142 1027 1028
1060 112 1028 1029
1061 124 1028 1043
1062 124 1028 1044
1063 142 1029 1030
1064 124 1029 1045
1065 124 1029 1046
1066 367 1030 1047
1067 365 1047 1048
1068 206 1047 1049
1069 127 1049 1051
1070 127 1049 1055
1071 206 1056 1057
1072 127 1056 1077
1073 112 1056 1078
1074 127 1056 1263
1075 365 1057 1058
1076 841 1057 1059
1077 842 1059 1060
1078 843 1059 1061
1079 112 1061 1062
1080 112 1061 1063
1081 112 1061 1064
1082 127 1062 1069
1083 127 1062 1070
1084 127 1062 1071
1085 127 1063 1072
1086 127 1063 1073
1087 127 1063 1074
1088 151 1064 1065
1089 124 1064 1075
1090 124 1064 1076
1091 702 1065 1066
1092 702 1065 1067
1093 702 1065 1068
1094 206 1078 1079
1095 127 1078 1113
1096 112 1078 1115
1097 365 1079 1080
1098 367 1079 1081
1099 142 1081 1082
1100 112 1082 1083
1101 124 1082 1094
1102 124 1082 1095
1103 142 1083 1084
1104 124 1083 1096
1105 124 1083 1097
1106 142 1084 1085
1107 112 1085 1086
1108 124 1085 1098
1109 124 1085 1099
1110 142 1086 1087
1111 124 1086 1100
1112 124 1086 1101
1113 142 1087 1088
1114 112 1088 1089
1115 124 1088 1102
1116 124 1088 1103
1117 142 1089 1090
1118 124 1089 1104
1119 124 1089 1105
1120 142 1090 1091
1121 112 1091 1092
1122 124 1091 1106
1123 124 1091 1107
1124 142 1092 1093
1125 124 1092 1108
1126 124 1092 1109
1127 367 1093 1110
1128 365 1110 1111
1129 206 1110 1112
1130 127 1112 1114
1131 112 1112 1149
1132 127 1112 1265
1133 206 1115 1116
1134 127 1115 1150
1135 112 1115 1152
1136 365 1116 1117
1137 367 1116 1118
1138 142 1118 1119
1139 112 1119 1120
1140 124 1119 1131
1141 124 1119 1132
1142 142 1120 1121
1143 124 1120 1133
1144 124 1120 1134
1145 142 1121 1122
1146 112 1122 1123
1147 124 1122 1135
1148 124 1122 1136
1149 142 1123 1124
1150 124 1123 1137
1151 124 1123 1138
1152 142 1124 1125
1153 112 1125 1126
1154 124 1125 1139
1155 124 1125 1140
1156 142 1126 1127
1157 124 1126 1141
1158 124 1126 1142
1159 142 1127 1128
1160 112 1128 1129
1161 124 1128 1143
1162 124 1128 1144
1163 142 1129 1130
1164 124 1129 1145
1165 124 1129 1146
1166 367 1130 1147
1167 365 1147 1148
1168 206 1147 1149
1169 127 1149 1151
1170 112 1149 1186
1171 206 1152 1153
1172 127 1152 1187
1173 112 1152 1189
1174 365 1153 1154
1175 367 1153 1155
1176 142 1155 1156
1177 112 1156 1157
1178 124 1156 1168
1179 124 1156 1169
1180 142 1157 1158
1181 124 1157 1170
1182 124 1157 1171
1183 142 1158 1159
1184 112 1159 1160
1185 124 1159 1172
1186 124 1159 1173
1187 142 1160 1161
1188 124 1160 1174
1189 124 1160 1175
1190 142 1161 1162
1191 112 1162 1163
1192 124 1162 1176
1193 124 1162 1177
1194 142 1163 1164
1195 124 1163 1178
1196 124 1163 1179
1197 142 1164 1165
1198 112 1165 1166
1199 124 1165 1180
1200 124 1165 1181
1201 142 1166 1167
1202 124 1166 1182
1203 124 1166 1183
1204 367 1167 1184
1205 365 1184 1185
1206 206 1184 1186
1207 127 1186 1188
1208 112 1186 1223
1209 206 1189 1190
1210 127 1189 1224
1211 112 1189 1226
1212 365 1190 1191
1213 367 1190 1192
1214 142 1192 1193
1215 112 1193 1194
1216 124 1193 1205
1217 124 1193 1206
1218 142 1194 1195
1219 124 1194 1207
1220 124 1194 1208
1221 142 1195 1196
1222 112 1196 1197
1223 124 1196 1209
1224 124 1196 1210
1225 142 1197 1198
1226 124 1197 1211
1227 124 1197 1212
1228 142 1198 1199
1229 112 1199 1200
1230 124 1199 1213
1231 124 1199 1214
1232 142 1200 1201
1233 124 1200 1215
1234 124 1200 1216
1235 142 1201 1202
1236 112 1202 1203
1237 124 1202 1217
1238 124 1202 1218
1239 142 1203 1204
1240 124 1203 1219
1241 124 1203 1220
1242 367 1204 1221
1243 365 1221 1222
1244 206 1221 1223
1245 127 1223 1225
1246 112 1223 1260
1247 206 1226 1227
1248 127 1226 1261
1249 127 1226 1264
1250 365 1227 1228
1251 367 1227 1229
1252 142 1229 1230
1253 112 1230 1231
1254 124 1230 1242
1255 124 1230 1243
1256 142 1231 1232
1257 124 1231 1244
1258 124 1231 1245
1259 142 1232 1233
1260 112 1233 1234
1261 124 1233 1246
1262 124 1233 1247
1263 142 1234 1235
1264 124 1234 1248
1265 124 1234 1249
1266 142 1235 1236
1267 112 1236 1237
1268 124 1236 1250
1269 124 1236 1251
1270 142 1237 1238
1271 124 1237 1252
1272 124 1237 1253
1273 142 1238 1239
1274 112 1239 1240
1275 124 1239 1254
1276 124 1239 1255
1277 142 1240 1241
1278 124 1240 1256
1279 124 1240 1257
1280 367 1241 1258
1281 365 1258 1259
1282 206 1258 1260
1283 127 1260 1262
1284 127 1260 1266
1285 206 1267 1268
1286 127 1267 1288
1287 112 1267 1289
1288 127 1267 1474
1289 365 1268 1269
1290 841 1268 1270
1291 842 1270 1271
1292 843 1270 1272
1293 112 1272 1273
1294 112 1272 1274
1295 112 1272 1275
1296 127 1273 1280
1297 127 1273 1281
1298 127 1273 1282
1299 127 1274 1283
1300 127 1274 1284
1301 127 1274 1285
1302 151 1275 1276
1303 124 1275 1286
1304 124 1275 1287
1305 702 1276 1277
1306 702 1276 1278
1307 702 1276 1279
1308 206 1289 1290
1309 127 1289 1324
1310 112 1289 1326
1311 365 1290 1291
1312 367 1290 1292
1313 142 1292 1293
1314 112 1293 1294
1315 124 1293 1305
1316 124 1293 1306
1317 142 1294 1295
1318 124 1294 1307
1319 124 1294 1308
1320 142 1295 1296
1321 112 1296 1297
1322 124 1296 1309
1323 124 1296 1310
1324 142 1297 1298
1325 124 1297 1311
1326 124 1297 1312
1327 142 1298 1299
1328 112 1299 1300
1329 124 1299 1313
1330 124 1299 1314
1331 142 1300 1301
1332 124 1300 1315
1333 124 1300 1316
1334 142 1301 1302
1335 112 1302 1303
1336 124 1302 1317
1337 124 1302 1318
1338 142 1303 1304
1339 124 1303 1319
1340 124 1303 1320
1341 367 1304 1321
1342 365 1321 1322
1343 206 1321 1323
1344 127 1323 1325
1345 112 1323 1360
1346 127 1323 1476
1347 206 1326 1327
1348 127 1326 1361
1349 112 1326 1363
1350 365 1327 1328
1351 367 1327 1329
1352 142 1329 1330
1353 112 1330 1331
1354 124 1330 1342
1355 124 1330 1343
1356 142 1331 1332
1357 124 1331 1344
1358 124 1331 1345
1359 142 1332 1333
1360 112 1333 1334
1361 124 1333 1346
1362 124 1333 1347
1363 142 1334 1335
1364 124 1334 1348
1365 124 1334 1349
1366 142 1335 1336
1367 112 1336 1337
1368 124 1336 1350
1369 124 1336 1351
1370 142 1337 1338
1371 124 1337 1352
1372 124 1337 1353
1373 142 1338 1339
1374 112 1339 1340
1375 124 1339 1354
1376 124 1339 1355
1377 142 1340 1341
1378 124 1340 1356
1379 124 1340 1357
1380 367 1341 1358
1381 365 1358 1359
1382 206 1358 1360
1383 127 1360 1362
1384 112 1360 1397
1385 206 1363 1364
1386 127 1363 1398
1387 112 1363 1400
1388 365 1364 1365
1389 367 1364 1366
1390 142 1366 1367
1391 112 1367 1368
1392 124 1367 1379
1393 124 1367 1380
1394 142 1368 1369
1395 124 1368 1381
1396 124 1368 1382
1397 142 1369 1370
1398 112 1370 1371
1399 124 1370 1383
1400 124 1370 1384
1401 142 1371 1372
1402 124 1371 1385
1403 124 1371 1386
1404 142 1372 1373
1405 112 1373 1374
1406 124 1373 1387
1407 124 1373 1388
1408 142 1374 1375
1409 124 1374 1389
1410 124 1374 1390
1411 142 1375 1376
1412 112 1376 1377
1413 124 1376 1391
1414 124 1376 1392
1415 142 1377 1378
1416 124 1377 1393
1417 124 1377 1394
1418 367 1378 1395
1419 365 1395 1396
1420 206 1395 1397
1421 127 1397 1399
1422 112 1397 1434
1423 206 1400 1401
1424 127 1400 1435
1425 112 1400 1437
1426 365 1401 1402
1427 367 1401 1403
1428 142 1403 1404
1429 112 1404 1405
1430 124 1404 1416
1431 124 1404 1417
1432 142 1405 1406
1433 124 1405 1418
1434 124 1405 1419
1435 142 1406 1407
1436 112 1407 1408
1437 124 1407 1420
1438 124 1407 1421
1439 142 1408 1409
1440 124 1408 1422
1441 124 1408 1423
1442 142 1409 1410
1443 112 1410 1411
1444 124 1410 1424
1445 124 1410 1425
1446 142 1411 1412
1447 124 1411 1426
1448 124 1411 1427
1449 142 1412 1413
1450 112 1413 1414
1451 124 1413 1428
1452 124 1413 1429
1453 142 1414 1415
1454 124 1414 1430
1455 124 1414 1431
1456 367 1415 1432
1457 365 1432 1433
1458 206 1432 1434
1459 127 1434 1436
1460 112 1434 1471
1461 206 1437 1438
1462 127 1437 1472
1463 127 1437 1475
1464 365 1438 1439
1465 367 1438 1440
1466 142 1440 1441
1467 112 1441 1442
1468 124 1441 1453
1469 124 1441 1454
1470 142 1442 1443
1471 124 1442 1455
1472 124 1442 1456
1473 142 1443 1444
1474 112 1444 1445
1475 124 1444 1457
1476 124 1444 1458
1477 142 1445 1446
1478 124 1445 1459
1479 124 1445 1460
1480 142 1446 1447
1481 112 1447 1448
1482 124 1447 1461
1483 124 1447 1462
1484 142 1448 1449
1485 124 1448 1463
1486 124 1448 1464
1487 142 1449 1450
1488 112 1450 1451
1489 124 1450 1465
1490 124 1450 1466
1491 142 1451 1452
1492 124 1451 1467
1493 124 1451 1468
1494 367 1452 1469
1495 365 1469 1470
1496 206 1469 1471
1497 127 1471 1473
1498 127 1471 1477
1499 206 1478 1479
1500 127 1478 1499
1501 112 1478 1500
1502 127 1478 1685
1503 365 1479 1480
1504 841 1479 1481
1505 842 1481 1482
1506 843 1481 1483
1507 112 1483 1484
1508 112 1483 1485
1509 112 1483 1486
1510 127 1484 1491
1511 127 1484 1492
1512 127 1484 1493
1513 127 1485 1494
1514 127 1485 1495
1515 127 1485 1496
1516 151 1486 1487
1517 124 1486 1497
1518 124 1486 1498
1519 702 1487 1488
1520 702 1487 1489
1521 702 1487 1490
1522 206 1500 1501
1523 127 1500 1535
1524 112 1500 1537
1525 365 1501 1502
1526 367 1501 1503
1527 142 1503 1504
1528 112 1504 1505
1529 124 1504 1516
1530 124 1504 1517
1531 142 1505 1506
1532 124 1505 1518
1533 124 1505 1519
1534 142 1506 1507
1535 112 1507 1508
1536 124 1507 1520
1537 124 1507 1521
1538 142 1508 1509
1539 124 1508 1522
1540 124 1508 1523
1541 142 1509 1510
1542 112 1510 1511
1543 124 1510 1524
1544 124 1510 1525
1545 142 1511 1512
1546 124 1511 1526
1547 124 1511 1527
1548 142 1512 1513
1549 112 1513 1514
1550 124 1513 1528
1551 124 1513 1529
1552 142 1514 1515
1553 124 1514 1530
1554 124 1514 1531
1555 367 1515 1532
1556 365 1532 1533
1557 206 1532 1534
1558 127 1534 1536
1559 112 1534 1571
1560 127 1534 1687
1561 206 1537 1538
1562 127 1537 1572
1563 112 1537 1574
1564 365 1538 1539
1565 367 1538 1540
1566 142 1540 1541
1567 112 1541 1542
1568 124 1541 1553
1569 124 1541 1554
1570 142 1542 1543
1571 124 1542 1555
1572 124 1542 1556
1573 142 1543 1544
1574 112 1544 1545
1575 124 1544 1557
1576 124 1544 1558
1577 142 1545 1546
1578 124 1545 1559
1579 124 1545 1560
1580 142 1546 1547
1581 112 1547 1548
1582 124 1547 1561
1583 124 1547 1562
1584 142 1548 1549
1585 124 1548 1563
1586 124 1548 1564
1587 142 1549 1550
1588 112 1550 1551
1589 124 1550 1565
1590 124 1550 1566
1591 142 1551 1552
1592 124 1551 1567
1593 124 1551 1568
1594 367 1552 1569
1595 365 1569 1570
1596 206 1569 1571
1597 127 1571 1573
1598 112 1571 1608
1599 206 1574 1575
1600 127 1574 1609
1601 112 1574 1611
1602 365 1575 1576
1603 367 1575 1577
1604 142 1577 1578
1605 112 1578 1579
1606 124 1578 1590
1607 124 1578 1591
1608 142 1579 1580
1609 124 1579 1592
1610 124 1579 1593
1611 142 1580 1581
1612 112 1581 1582
1613 124 1581 1594
1614 124 1581 1595
1615 142 1582 1583
1616 124 1582 1596
1617 124 1582 1597
1618 142 1583 1584
1619 112 1584 1585
1620 124 1584 1598
1621 124 1584 1599
1622 142 1585 1586
1623 124 1585 1600
1624 124 1585 1601
1625 142 1586 1587
1626 112 1587 1588
1627 124 1587 1602
1628 124 1587 1603
1629 142 1588 1589
1630 124 1588 1604
1631 124 1588 1605
1632 367 1589 1606
1633 365 1606 1607
1634 206 1606 1608
1635 127 1608 1610
1636 112 1608 1645
1637 206 1611 1612
1638 127 1611 1646
1639 112 1611 1648
1640 365 1612 1613
1641 367 1612 1614
1642 142 1614 1615
1643 112 1615 1616
1644 124 1615 1627
1645 124 1615 1628
1646 142 1616 1617
1647 124 1616 1629
1648 124 1616 1630
1649 142 1617 1618
1650 112 1618 1619
1651 124 1618 1631
1652 124 1618 1632
1653 142 1619 1620
1654 124 1619 1633
1655 124 1619 1634
1656 142 1620 1621
1657 112 1621 1622
1658 124 1621 1635
1659 124 1621 1636
1660 142 1622 1623
1661 124 1622 1637
1662 124 1622 1638
1663 142 1623 1624
1664 112 1624 1625
1665 124 1624 1639
1666 124 1624 1640
1667 142 1625 1626
1668 124 1625 1641
1669 124 1625 1642
1670 367 1626 1643
1671 365 1643 1644
1672 206 1643 1645
1673 127 1645 1647
1674 112 1645 1682
1675 206 1648 1649
1676 127 1648 1683
1677 127 1648 1686
1678 365 1649 1650
1679 367 1649 1651
1680 142 1651 1652
1681 112 1652 1653
1682 124 1652 1664
1683 124 1652 1665
1684 142 1653 1654
1685 124 1653 1666
1686 124 1653 1667
1687 142 1654 1655
1688 112 1655 1656
1689 124 1655 1668
1690 124 1655 1669
1691 142 1656 1657
1692 124 1656 1670
1693 124 1656 1671
1694 142 1657 1658
1695 112 1658 1659
1696 124 1658 1672
1697 124 1658 1673
1698 142 1659 1660
1699 124 1659 1674
1700 124 1659 1675
1701 142 1660 1661
1702 112 1661 1662
1703 124 1661 1676
1704 124 1661 1677
1705 142 1662 1663
1706 124 1662 1678
1707 124 1662 1679
1708 367 1663 1680
1709 365 1680 1681
1710 206 1680 1682
1711 127 1682 1684
1712 127 1682 1688
1713 206 1689 1690
1714 127 1689 1710
1715 112 1689 1711
1716 127 1689 1896
1717 365 1690 1691
1718 841 1690 1692
1719 842 1692 1693
1720 843 1692 1694
1721 112 1694 1695
1722 112 1694 1696
1723 112 1694 1697
1724 127 1695 1702
1725 127 1695 1703
1726 127 1695 1704
1727 127 1696 1705
1728 127 1696 1706
1729 127 1696 1707
1730 151 1697 1698
1731 124 1697 1708
1732 124 1697 1709
1733 702 1698 1699
1734 702 1698 1700
1735 702 1698 1701
1736 206 1711 1712
1737 127 1711 1746
1738 112 1711 1748
1739 365 1712 1713
1740 367 1712 1714
1741 142 1714 1715
1742 112 1715 1716
1743 124 1715 1727
1744 124 1715 1728
1745 142 1716 1717
1746 124 1716 1729
1747 124 1716 1730
1748 142 1717 1718
1749 112 1718 1719
1750 124 1718 1731
1751 124 1718 1732
1752 142 1719 1720
1753 124 1719 1733
1754 124 1719 1734
1755 142 1720 1721
1756 112 1721 1722
1757 124 1721 1735
1758 124 1721 1736
1759 142 1722 1723
1760 124 1722 1737
1761 124 1722 1738
1762 142 1723 1724
1763 112 1724 1725
1764 124 1724 1739
1765 124 1724 1740
1766 142 1725 1726
1767 124 1725 1741
1768 124 1725 1742
1769 367 1726 1743
1770 365 1743 1744
1771 206 1743 1745
1772 127 1745 1747
1773 112 1745 1782
1774 127 1745 1898
1775 206 1748 1749
1776 127 1748 1783
1777 112 1748 1785
1778 365 1749 1750
1779 367 1749 1751
1780 142 1751 1752
1781 112 1752 1753
1782 124 1752 1764
1783 124 1752 1765
1784 142 1753 1754
1785 124 1753 1766
1786 124 1753 1767
1787 142 1754 1755
1788 112 1755 1756
1789 124 1755 1768
1790 124 1755 1769
1791 142 1756 1757
1792 124 1756 1770
1793 124 1756 1771
1794 142 1757 1758
1795 112 1758 1759
1796 124 1758 1772
1797 124 1758 1773
1798 142 1759 1760
1799 124 1759 1774
1800 124 1759 1775
1801 142 1760 1761
1802 112 1761 1762
1803 124 1761 1776
1804 124 1761 1777
1805 142 1762 1763
1806 124 1762 1778
1807 124 1762 1779
1808 367 1763 1780
1809 365 1780 1781
1810 206 1780 1782
1811 127 1782 1784
1812 112 1782 1819
1813 206 1785 1786
1814 127 1785 1820
1815 112 1785 1822
1816 365 1786 1787
1817 367 1786 1788
1818 142 1788 1789
1819 112 1789 1790
1820 124 1789 1801
1821 124 1789 1802
1822 142 1790 1791
1823 124 1790 1803
1824 124 1790 1804
1825 142 1791 1792
1826 112 1792 1793
1827 124 1792 1805
1828 124 1792 1806
1829 142 1793 1794
1830 124 1793 1807
1831 124 1793 1808
1832 142 1794 1795
1833 112 1795 1796
1834 124 1795 1809
1835 124 1795 1810
1836 142 1796 1797
1837 124 1796 1811
1838 124 1796 1812
1839 142 1797 1798
1840 112 1798 1799
1841 124 1798 1813
1842 124 1798 1814
1843 142 1799 1800
1844 124 1799 1815
1845 124 1799 1816
1846 367 1800 1817
1847 365 1817 1818
1848 206 1817 1819
1849 127 1819 1821
1850 112 1819 1856
1851 206 1822 1823
1852 127 1822 1857
1853 112 1822 1859
1854 365 1823 1824
1855 367 1823 1825
1856 142 1825 1826
1857 112 1826 1827
1858 124 1826 1838
1859 124 1826 1839
1860 142 1827 1828
1861 124 1827 1840
1862 124 1827 1841
1863 142 1828 1829
1864 112 1829 1830
1865 124 1829 1842
1866 124 1829 1843
1867 142 1830 1831
1868 124 1830 1844
1869 124 1830 1845
1870 142 1831 1832
1871 112 1832 1833
1872 124 1832 1846
1873 124 1832 1847
1874 142 1833 1834
1875 124 1833 1848
1876 124 1833 1849
1877 142 1834 1835
1878 112 1835 1836
1879 124 1835 1850
1880 124 1835 1851
1881 142 1836 1837
1882 124 1836 1852
1883 124 1836 1853
1884 367 1837 1854
1885 365 1854 1855
1886 206 1854 1856
1887 127 1856 1858
1888 112 1856 1893
1889 206 1859 1860
1890 127 1859 1894
1891 127 1859 1897
1892 365 1860 1861
1893 367 1860 1862
1894 142 1862 1863
1895 112 1863 1864
1896 124 1863 1875
1897 124 1863 1876
1898 142 1864 1865
1899 124 1864 1877
1900 124 1864 1878
1901 142 1865 1866
1902 112 1866 1867
1903 124 1866 1879
1904 124 1866 1880
1905 142 1867 1868
1906 124 1867 1881
1907 124 1867 1882
1908 142 1868 1869
1909 112 1869 1870
1910 124 1869 1883
1911 124 1869 1884
1912 142 1870 1871
1913 124 1870 1885
1914 124 1870 1886
1915 142 1871 1872
1916 112 1872 1873
1917 124 1872 1887
1918 124 1872 1888
1919 142 1873 1874
1920 124 1873 1889
1921 124 1873 1890
1922 367 1874 1891
1923 365 1891 1892
1924 206 1891 1893
1925 127 1893 1895
1926 127 1893 1899
1927 206 1900 1901
1928 127 1900 1921
1929 112 1900 1922
1930 127 1900 2107
1931 365 1901 1902
1932 841 1901 1903
1933 842 1903 1904
1934 843 1903 1905
1935 112 1905 1906
1936 112 1905 1907
1937 112 1905 1908
1938 127 1906 1913
1939 127 1906 1914
1940 127 1906 1915
1941 127 1907 1916
1942 127 1907 1917
1943 127 1907 1918
1944 151 1908 1909
1945 124 1908 1919
1946 124 1908 1920
1947 702 1909 1910
1948 702 1909 1911
1949 702 1909 1912
1950 206 1922 1923
1951 127 1922 1957
1952 112 1922 1959
1953 365 1923 1924
1954 367 1923 1925
1955 142 1925 1926
1956 112 1926 1927
1957 124 1926 1938
1958 124 1926 1939
1959 142 1927 1928
1960 124 1927 1940
1961 124 1927 1941
1962 142 1928 1929
1963 112 1929 1930
1964 124 1929 1942
1965 124 1929 1943
1966 142 1930 1931
1967 124 1930 1944
1968 124 1930 1945
1969 142 1931 1932
1970 112 1932 1933
1971 124 1932 1946
1972 124 1932 1947
1973 142 1933 1934
1974 124 1933 1948
1975 124 1933 1949
1976 142 1934 1935
1977 112 1935 1936
1978 124 1935 1950
1979 124 1935 1951
1980 142 1936 1937
1981 124 1936 1952
1982 124 1936 1953
1983 367 1937 1954
1984 365 1954 1955
1985 206 1954 1956
1986 127 1956 1958
1987 112 1956 1993
1988 127 1956 2109
1989 206 1959 1960
1990 127 1959 1994
1991 112 1959 1996
1992 365 1960 1961
1993 367 1960 1962
1994 142 1962 1963
1995 112 1963 1964
1996 124 1963 1975
1997 124 1963 1976
1998 142 1964 1965
1999 124 1964 1977
2000 124 1964 1978
2001 142 1965 1966
2002 112 1966 1967
2003 124 1966 1979
2004 124 1966 1980
2005 142 1967 1968
2006 124 1967 1981
2007 124 1967 1982
2008 142 1968 1969
2009 112 1969 1970
2010 124 1969 1983
2011 124 1969 1984
2012 142 1970 1971
2013 124 1970 1985
2014 124 1970 1986
2015 142 1971 1972
2016 112 1972 1973
2017 124 1972 1987
2018 124 1972 1988
2019 142 1973 1974
2020 124 1973 1989
2021 124 1973 1990
2022 367 1974 1991
2023 365 1991 1992
2024 206 1991 1993
2025 127 1993 1995
2026 112 1993 2030
2027 206 1996 1997
2028 127 1996 2031
2029 112 1996 2033
2030 365 1997 1998
2031 367 1997 1999
2032 142 1999 2000
2033 112 2000 2001
2034 124 2000 2012
2035 124 2000 2013
2036 142 2001 2002
2037 124 2001 2014
2038 124 2001 2015
2039 142 2002 2003
2040 112 2003 2004
2041 124 2003 2016
2042 124 2003 2017
2043 142 2004 2005
2044 124 2004 2018
2045 124 2004 2019
2046 142 2005 2006
2047 112 2006 2007
2048 124 2006 2020
2049 124 2006 2021
2050 142 2007 2008
2051 124 2007 2022
2052 124 2007 2023
2053 142 2008 2009
2054 112 2009 2010
2055 124 2009 2024
2056 124 2009 2025
2057 142 2010 2011
2058 124 2010 2026
2059 124 2010 2027
2060 367 2011 2028
2061 365 2028 2029
2062 206 2028 2030
2063 127 2030 2032
2064 112 2030 2067
2065 206 2033 2034
2066 127 2033 2068
2067 112 2033 2070
2068 365 2034 2035
2069 367 2034 2036
2070 142 2036 2037
2071 112 2037 2038
2072 124 2037 2049
2073 124 2037 2050
2074 142 2038 2039
2075 124 2038 2051
2076 124 2038 2052
2077 142 2039 2040
2078 112 2040 2041
2079 124 2040 2053
2080 124 2040 2054
2081 142 2041 2042
2082 124 2041 2055
2083 124 2041 2056
2084 142 2042 2043
2085 112 2043 2044
2086 124 2043 2057
2087 124 2043 2058
2088 142 2044 2045
2089 124 2044 2059
2090 124 2044 2060
2091 142 2045 2046
2092 112 2046 2047
2093 124 2046 2061
2094 124 2046 2062
2095 142 2047 2048
2096 124 2047 2063
2097 124 2047 2064
2098 367 2048 2065
2099 365 2065 2066
2100 206 2065 2067
2101 127 2067 2069
2102 112 2067 2104
2103 206 2070 2071
2104 127 2070 2105
2105 127 2070 2108
2106 365 2071 2072
2107 367 2071 2073
2108 142 2073 2074
2109 112 2074 2075
2110 124 2074 2086
2111 124 2074 2087
2112 142 2075 2076
2113 124 2075 2088
2114 124 2075 2089
2115 142 2076 2077
2116 112 2077 2078
2117 124 2077 2090
2118 124 2077 2091
2119 142 2078 2079
2120 124 2078 2092
2121 124 2078 2093
2122 142 2079 2080
2123 112 2080 2081
2124 124 2080 2094
2125 124 2080 2095
2126 142 2081 2082
2127 124 2081 2096
2128 124 2081 2097
2129 142 2082 2083
2130 112 2083 2084
2131 124 2083 2098
2132 124 2083 2099
2133 142 2084 2085
2134 124 2084 2100
2135 124 2084 2101
2136 367 2085 2102
2137 365 2102 2103
2138 206 2102 2104
2139 127 2104 2106
2140 127 2104 2110
2141 206 2111 2112
2142 127 2111 2132
2143 112 2111 2133
2144 127 2111 2318
2145 365 2112 2113
2146 841 2112 2114
2147 842 2114 2115
2148 843 2114 2116
2149 112 2116 2117
2150 112 2116 2118
2151 112 2116 2119
2152 127 2117 2124
2153 127 2117 2125
2154 127 2117 2126
2155 127 2118 2127
2156 127 2118 2128
2157 127 2118 2129
2158 151 2119 2120
2159 124 2119 2130
2160 124 2119 2131
2161 702 2120 2121
2162 702 2120 2122
2163 702 2120 2123
2164 206 2133 2134
2165 127 2133 2168
2166 112 2133 2170
2167 365 2134 2135
2168 367 2134 2136
2169 142 2136 2137
2170 112 2137 2138
2171 124 2137 2149
2172 124 2137 2150
2173 142 2138 2139
2174 124 2138 2151
2175 124 2138 2152
2176 142 2139 2140
2177 112 2140 2141
2178 124 2140 2153
2179 124 2140 2154
2180 142 2141 2142
2181 124 2141 2155
2182 124 2141 2156
2183 142 2142 2143
2184 112 2143 2144
2185 124 2143 2157
2186 124 2143 2158
2187 142 2144 2145
2188 124 2144 2159
2189 124 2144 2160
2190 142 2145 2146
2191 112 2146 2147
2192 124 2146 2161
2193 124 2146 2162
2194 142 2147 2148
2195 124 2147 2163
2196 124 2147 2164
2197 367 2148 2165
2198 365 2165 2166
2199 206 2165 2167
2200 127 2167 2169
2201 112 2167 2204
2202 127 2167 2320
2203 206 2170 2171
2204 127 2170 2205
2205 112 2170 2207
2206 365 2171 2172
2207 367 2171 2173
2208 142 2173 2174
2209 112 2174 2175
2210 124 2174 2186
2211 124 2174 2187
2212 142 2175 2176
2213 124 2175 2188
2214 124 2175 2189
2215 142 2176 2177
2216 112 2177 2178
2217 124 2177 2190
2218 124 2177 2191
2219 142 2178 2179
2220 124 2178 2192
2221 124 2178 2193
2222 142 2179 2180
2223 112 2180 2181
2224 124 2180 2194
2225 124 2180 2195
2226 142 2181 2182
2227 124 2181 2196
2228 124 2181 2197
2229 142 2182 2183
2230 112 2183 2184
2231 124 2183 2198
2232 124 2183 2199
2233 142 2184 2185
2234 124 2184 2200
2235 124 2184 2201
2236 367 2185 2202
2237 365 2202 2203
2238 206 2202 2204
2239 127 2204 2206
2240 112 2204 2241
2241 206 2207 2208
2242 127 2207 2242
2243 112 2207 2244
2244 365 2208 2209
2245 367 2208 2210
2246 142 2210 2211
2247 112 2211 2212
2248 124 2211 2223
2249 124 2211 2224
2250 142 2212 2213
2251 124 2212 2225
2252 124 2212 2226
2253 142 2213 2214
2254 112 2214 2215
2255 124 2214 2227
2256 124 2214 2228
2257 142 2215 2216
2258 124 2215 2229
2259 124 2215 2230
2260 142 2216 2217
2261 112 2217 2218
2262 124 2217 2231
2263 124 2217 2232
2264 142 2218 2219
2265 124 2218 2233
2266 124 2218 2234
2267 142 2219 2220
2268 112 2220 2221
2269 124 2220 2235
2270 124 2220 2236
2271 142 2221 2222
2272 124 2221 2237
2273 124 2221 2238
2274 367 2222 2239
2275 365 2239 2240
2276 206 2239 2241
2277 127 2241 2243
2278 112 2241 2278
2279 206 2244 2245
2280 127 2244 2279
2281 112 2244 2281
2282 365 2245 2246
2283 367 2245 2247
2284 142 2247 2248
2285 112 2248 2249
2286 124 2248 2260
2287 124 2248 2261
2288 142 2249 2250
2289 124 2249 2262
2290 124 2249 2263
2291 142 2250 2251
2292 112 2251 2252
2293 124 2251 2264
2294 124 2251 2265
2295 142 2252 2253
2296 124 2252 2266
2297 124 2252 2267
2298 142 2253 2254
2299 112 2254 2255
2300 124 2254 2268
2301 124 2254 2269
2302 142 2255 2256
2303 124 2255 2270
2304 124 2255 2271
2305 142 2256 2257
2306 112 2257 2258
2307 124 2257 2272
2308 124 2257 2273
2309 142 2258 2259
2310 124 2258 2274
2311 124 2258 2275
2312 367 2259 2276
2313 365 2276 2277
2314 206 2276 2278
2315 127 2278 2280
2316 112 2278 2315
2317 206 2281 2282
2318 127 2281 2316
2319 127 2281 2319
2320 365 2282 2283
2321 367 2282 2284
2322 142 2284 2285
2323 112 2285 2286
2324 124 2285 2297
2325 124 2285 2298
2326 142 2286 2287
2327 124 2286 2299
2328 124 2286 2300
2329 142 2287 2288
2330 112 2288 2289
2331 124 2288 2301
2332 124 2288 2302
2333 142 2289 2290
2334 124 2289 2303
2335 124 2289 2304
2336 142 2290 2291
2337 112 2291 2292
2338 124 2291 2305
2339 124 2291 2306
2340 142 2292 2293
2341 124 2292 2307
2342 124 2292 2308
2343 142 2293 2294
2344 112 2294 2295
2345 124 2294 2309
2346 124 2294 2310
2347 142 2295 2296
2348 124 2295 2311
2349 124 2295 2312
2350 367 2296 2313
2351 365 2313 2314
2352 206 2313 2315
2353 127 2315 2317
2354 127 2315 2321
2355 206 2322 2323
2356 127 2322 2343
2357 112 2322 2344
2358 127 2322 2529
2359 365 2323 2324
2360 841 2323 2325
2361 842 2325 2326
2362 843 2325 2327
2363 112 2327 2328
2364 112 2327 2329
2365 112 2327 2330
2366 127 2328 2335
2367 127 2328 2336
2368 127 2328 2337
2369 127 2329 2338
2370 127 2329 2339
2371 127 2329 2340
2372 151 2330 2331
2373 124 2330 2341
2374 124 2330 2342
2375 702 2331 2332
2376 702 2331 2333
2377 702 2331 2334
2378 206 2344 2345
2379 127 2344 2379
2380 112 2344 2381
2381 365 2345 2346
2382 367 2345 2347
2383 142 2347 2348
2384 112 2348 2349
2385 124 2348 2360
2386 124 2348 2361
2387 142 2349 2350
2388 124 2349 2362
2389 124 2349 2363
2390 142 2350 2351
2391 112 2351 2352
2392 124 2351 2364
2393 124 2351 2365
2394 142 2352 2353
2395 124 2352 2366
2396 124 2352 2367
2397 142 2353 2354
2398 112 2354 2355
2399 124 2354 2368
2400 124 2354 2369
2401 142 2355 2356
2402 124 2355 2370
2403 124 2355 2371
2404 142 2356 2357
2405 112 2357 2358
2406 124 2357 2372
2407 124 2357 2373
2408 142 2358 2359
2409 124 2358 2374
2410 124 2358 2375
2411 367 2359 2376
2412 365 2376 2377
2413 206 2376 2378
2414 127 2378 2380
2415 112 2378 2415
2416 127 2378 2531
2417 206 2381 2382
2418 127 2381 2416
2419 112 2381 2418
2420 365 2382 2383
2421 367 2382 2384
2422 142 2384 2385
2423 112 2385 2386
2424 124 2385 2397
2425 124 2385 2398
2426 142 2386 2387
2427 124 2386 2399
2428 124 2386 2400
2429 142 2387 2388
2430 112 2388 2389
2431 124 2388 2401
2432 124 2388 2402
2433 142 2389 2390
2434 124 2389 2403
2435 124 2389 2404
2436 142 2390 2391
2437 112 2391 2392
2438 124 2391 2405
2439 124 2391 2406
2440 142 2392 2393
2441 124 2392 2407
2442 124 2392 2408
2443 142 2393 2394
2444 112 2394 2395
2445 124 2394 2409
2446 124 2394 2410
2447 142 2395 2396
2448 124 2395 2411
2449 124 2395 2412
2450 367 2396 2413
2451 365 2413 2414
2452 206 2413 2415
2453 127 2415 2417
2454 112 2415 2452
2455 206 2418 2419
2456 127 2418 2453
2457 112 2418 2455
2458 365 2419 2420
2459 367 2419 2421
2460 142 2421 2422
2461 112 2422 2423
2462 124 2422 2434
2463 124 2422 2435
2464 142 2423 2424
2465 124 2423 2436
2466 124 2423 2437
2467 142 2424 2425
2468 112 2425 2426
2469 124 2425 2438
2470 124 2425 2439
2471 142 2426 2427
2472 124 2426 2440
2473 124 2426 2441
2474 142 2427 2428
2475 112 2428 2429
2476 124 2428 2442
2477 124 2428 2443
2478 142 2429 2430
2479 124 2429 2444
2480 124 2429 2445
2481 142 2430 2431
2482 112 2431 2432
2483 124 2431 2446
2484 124 2431 2447
2485 142 2432 2433
2486 124 2432 2448
2487 124 2432 2449
2488 367 2433 2450
2489 365 2450 2451
2490 206 2450 2452
2491 127 2452 2454
2492 112 2452 2489
2493 206 2455 2456
2494 127 2455 2490
2495 112 2455 2492
2496 365 2456 2457
2497 367 2456 2458
2498 142 2458 2459
2499 112 2459 2460
2500 124 2459 2471
2501 124 2459 2472
2502 142 2460 2461
2503 124 2460 2473
2504 124 2460 2474
2505 142 2461 2462
2506 112 2462 2463
2507 124 2462 2475
2508 124 2462 2476
2509 142 2463 2464
2510 124 2463 2477
2511 124 2463 2478
2512 142 2464 2465
2513 112 2465 2466
2514 124 2465 2479
2515 124 2465 2480
2516 142 2466 2467
2517 124 2466 2481
2518 124 2466 2482
2519 142 2467 2468
2520 112 2468 2469
2521 124 2468 2483
2522 124 2468 2484
2523 142 2469 2470
2524 124 2469 2485
2525 124 2469 2486
2526 367 2470 2487
2527 365 2487 2488
2528 206 2487 2489
2529 127 2489 2491
2530 112 2489 2526
2531 206 2492 2493
2532 127 2492 2527
2533 127 2492 2530
2534 365 2493 2494
2535 367 2493 2495
2536 142 2495 2496
2537 112 2496 2497
2538 124 2496 2508
2539 124 2496 2509
2540 142 2497 2498
2541 124 2497 2510
2542 124 2497 2511
2543 142 2498 2499
2544 112 2499 2500
2545 124 2499 2512
2546 124 2499 2513
2547 142 2500 2501
2548 124 2500 2514
2549 124 2500 2515
2550 142 2501 2502
2551 112 2502 2503
2552 124 2502 2516
2553 124 2502 2517
2554 142 2503 2504
2555 124 2503 2518
2556 124 2503 2519
2557 142 2504 2505
2558 112 2505 2506
2559 124 2505 2520
2560 124 2505 2521
2561 142 2506 2507
2562 124 2506 2522
2563 124 2506 2523
2564 367 2507 2524
2565 365 2524 2525
2566 206 2524 2526
2567 127 2526 2528
2568 127 2526 2532
2569 206 2533 2534
2570 127 2533 2554
2571 112 2533 2555
2572 127 2533 2740
2573 365 2534 2535
2574 841 2534 2536
2575 842 2536 2537
2576 843 2536 2538
2577 112 2538 2539
2578 112 2538 2540
2579 112 2538 2541
2580 127 2539 2546
2581 127 2539 2547
2582 127 2539 2548
2583 127 2540 2549
2584 127 2540 2550
2585 127 2540 2551
2586 151 2541 2542
2587 124 2541 2552
2588 124 2541 2553
2589 702 2542 2543
2590 702 2542 2544
2591 702 2542 2545
2592 206 2555 2556
2593 127 2555 2590
2594 112 2555 2592
2595 365 2556 2557
2596 367 2556 2558
2597 142 2558 2559
2598 112 2559 2560
2599 124 2559 2571
2600 124 2559 2572
2601 142 2560 2561
2602 124 2560 2573
2603 124 2560 2574
2604 142 2561 2562
2605 112 2562 2563
2606 124 2562 2575
2607 124 2562 2576
2608 142 2563 2564
2609 124 2563 2577
2610 124 2563 2578
2611 142 2564 2565
2612 112 2565 2566
2613 124 2565 2579
2614 124 2565 2580
2615 142 2566 2567
2616 124 2566 2581
2617 124 2566 2582
2618 142 2567 2568
2619 112 2568 2569
2620 124 2568 2583
2621 124 2568 2584
2622 142 2569 2570
2623 124 2569 2585
2624 124 2569 2586
2625 367 2570 2587
2626 365 2587 2588
2627 206 2587 2589
2628 127 2589 2591
2629 112 2589 2626
2630 127 2589 2742
2631 206 2592 2593
2632 127 2592 2627
2633 112 2592 2629
2634 365 2593 2594
2635 367 2593 2595
2636 142 2595 2596
2637 112 2596 2597
2638 124 2596 2608
2639 124 2596 2609
2640 142 2597 2598
2641 124 2597 2610
2642 124 2597 2611
2643 142 2598 2599
2644 112 2599 2600
2645 124 2599 2612
2646 124 2599 2613
2647 142 2600 2601
2648 124 2600 2614
2649 124 2600 2615
2650 142 2601 2602
2651 112 2602 2603
2652 124 2602 2616
2653 124 2602 2617
2654 142 2603 2604
2655 124 2603 2618
2656 124 2603 2619
2657 142 2604 2605
2658 112 2605 2606
2659 124 2605 2620
2660 124 2605 2621
2661 142 2606 2607
2662 124 2606 2622
2663 124 2606 2623
2664 367 2607 2624
2665 365 2624 2625
2666 206 2624 2626
2667 127 2626 2628
2668 112 2626 2663
2669 206 2629 2630
2670 127 2629 2664
2671 112 2629 2666
2672 365 2630 2631
2673 367 2630 2632
2674 142 2632 2633
2675 112 2633 2634
2676 124 2633 2645
2677 124 2633 2646
2678 142 2634 2635
2679 124 2634 2647
2680 124 2634 2648
2681 142 2635 2636
2682 112 2636 2637
2683 124 2636 2649
2684 124 2636 2650
2685 142 2637 2638
2686 124 2637 2651
2687 124 2637 2652
2688 142 2638 2639
2689 112 2639 2640
2690 124 2639 2653
2691 124 2639 2654
2692 142 2640 2641
2693 124 2640 2655
2694 124 2640 2656
2695 142 2641 2642
2696 112 2642 2643
2697 124 2642 2657
2698 124 2642 2658
2699 142 2643 2644
2700 124 2643 2659
2701 124 2643 2660
2702 367 2644 2661
2703 365 2661 2662
2704 206 2661 2663
2705 127 2663 2665
2706 112 2663 2700
2707 206 2666 2667
2708 127 2666 2701
2709 112 2666 2703
2710 365 2667 2668
2711 367 2667 2669
2712 142 2669 2670
2713 112 2670 2671
2714 124 2670 2682
2715 124 2670 2683
2716 142 2671 2672
2717 124 2671 2684
2718 124 2671 2685
2719 142 2672 2673
2720 112 2673 2674
2721 124 2673 2686
2722 124 2673 2687
2723 142 2674 2675
2724 124 2674 2688
2725 124 2674 2689
2726 142 2675 2676
2727 112 2676 2677
2728 124 2676 2690
2729 124 2676 2691
2730 142 2677 2678
2731 124 2677 2692
2732 124 2677 2693
2733 142 2678 2679
2734 112 2679 2680
2735 124 2679 2694
2736 124 2679 2695
2737 142 2680 2681
2738 124 2680 2696
2739 124 2680 2697
2740 367 2681 2698
2741 365 2698 2699
2742 206 2698 2700
2743 127 2700 2702
2744 112 2700 2737
2745 206 2703 2704
2746 127 2703 2738
2747 127 2703 2741
2748 365 2704 2705
2749 367 2704 2706
2750 142 2706 2707
2751 112 2707 2708
2752 124 2707 2719
2753 124 2707 2720
2754 142 2708 2709
2755 124 2708 2721
2756 124 2708 2722
2757 142 2709 2710
2758 112 2710 2711
2759 124 2710 2723
2760 124 2710 2724
2761 142 2711 2712
2762 124 2711 2725
2763 124 2711 2726
2764 142 2712 2713
2765 112 2713 2714
2766 124 2713 2727
2767 124 2713 2728
2768 142 2714 2715
2769 124 2714 2729
2770 124 2714 2730
2771 142 2715 2716
2772 112 2716 2717
2773 124 2716 2731
2774 124 2716 2732
2775 142 2717 2718
2776 124 2717 2733
2777 124 2717 2734
2778 367 2718 2735
2779 365 2735 2736
2780 206 2735 2737
2781 127 2737 2739
2782 127 2737 2743
2783 206 2744 2745
2784 127 2744 2765
2785 112 2744 2766
2786 127 2744 2951
2787 365 2745 2746
2788 841 2745 2747
2789 842 2747 2748
2790 843 2747 2749
2791 112 2749 2750
2792 112 2749 2751
2793 112 2749 2752
2794 127 2750 2757
2795 127 2750 2758
2796 127 2750 2759
2797 127 2751 2760
2798 127 2751 2761
2799 127 2751 2762
2800 151 2752 2753
2801 124 2752 2763
2802 124 2752 2764
2803 702 2753 2754
2804 702 2753 2755
2805 702 2753 2756
2806 206 2766 2767
2807 127 2766 2801
2808 112 2766 2803
2809 365 2767 2768
2810 367 2767 2769
2811 142 2769 2770
2812 112 2770 2771
2813 124 2770 2782
2814 124 2770 2783
2815 142 2771 2772
2816 124 2771 2784
2817 124 2771 2785
2818 142 2772 2773
2819 112 2773 2774
2820 124 2773 2786
2821 124 2773 2787
2822 142 2774 2775
2823 124 2774 2788
2824 124 2774 2789
2825 142 2775 2776
2826 112 2776 2777
2827 124 2776 2790
2828 124 2776 2791
2829 142 2777 2778
2830 124 2777 2792
2831 124 2777 2793
2832 142 2778 2779
2833 112 2779 2780
2834 124 2779 2794
2835 124 2779 2795
2836 142 2780 2781
2837 124 2780 2796
2838 124 2780 2797
2839 367 2781 2798
2840 365 2798 2799
2841 206 2798 2800
2842 127 2800 2802
2843 112 2800 2837
2844 127 2800 2953
2845 206 2803 2804
2846 127 2803 2838
2847 112 2803 2840
2848 365 2804 2805
2849 367 2804 2806
2850 142 2806 2807
2851 112 2807 2808
2852 124 2807 2819
2853 124 2807 2820
2854 142 2808 2809
2855 124 2808 2821
2856 124 2808 2822
2857 142 2809 2810
2858 112 2810 2811
2859 124 2810 2823
2860 124 2810 2824
2861 142 2811 2812
2862 124 2811 2825
2863 124 2811 2826
2864 142 2812 2813
2865 112 2813 2814
2866 124 2813 2827
2867 124 2813 2828
2868 142 2814 2815
2869 124 2814 2829
2870 124 2814 2830
2871 142 2815 2816
2872 112 2816 2817
2873 124 2816 2831
2874 124 2816 2832
2875 142 2817 2818
2876 124 2817 2833
2877 124 2817 2834
2878 367 2818 2835
2879 365 2835 2836
2880 206 2835 2837
2881 127 2837 2839
2882 112 2837 2874
2883 206 2840 2841
2884 127 2840 2875
2885 112 2840 2877
2886 365 2841 2842
2887 367 2841 2843
2888 142 2843 2844
2889 112 2844 2845
2890 124 2844 2856
2891 124 2844 2857
2892 142 2845 2846
2893 124 2845 2858
2894 124 2845 2859
2895 142 2846 2847
2896 112 2847 2848
2897 124 2847 2860
2898 124 2847 2861
2899 142 2848 2849
2900 124 2848 2862
2901 124 2848 2863
2902 142 2849 2850
2903 112 2850 2851
2904 124 2850 2864
2905 124 2850 2865
2906 142 2851 2852
2907 124 2851 2866
2908 124 2851 2867
2909 142 2852 2853
2910 112 2853 2854
2911 124 2853 2868
2912 124 2853 2869
2913 142 2854 2855
2914 124 2854 2870
2915 124 2854 2871
2916 367 2855 2872
2917 365 2872 2873
2918 206 2872 2874
2919 127 2874 2876
2920 112 2874 2911
2921 206 2877 2878
2922 127 2877 2912
2923 112 2877 2914
2924 365 2878 2879
2925 367 2878 2880
2926 142 2880 2881
2927 112 2881 2882
2928 124 2881 2893
2929 124 2881 2894
2930 142 2882 2883
2931 124 2882 2895
2932 124 2882 2896
2933 142 2883 2884
2934 112 2884 2885
2935 124 2884 2897
2936 124 2884 2898
2937 142 2885 2886
2938 124 2885 2899
2939 124 2885 2900
2940 142 2886 2887
2941 112 2887 2888
2942 124 2887 2901
2943 124 2887 2902
2944 142 2888 2889
2945 124 2888 2903
2946 124 2888 2904
2947 142 2889 2890
2948 112 2890 2891
2949 124 2890 2905
2950 124 2890 2906
2951 142 2891 2892
2952 124 2891 2907
2953 124 2891 2908
2954 367 2892 2909
2955 365 2909 2910
2956 206 2909 2911
2957 127 2911 2913
2958 112 2911 2948
2959 206 2914 2915
2960 127 2914 2949
2961 127 2914 2952
2962 365 2915 2916
2963 367 2915 2917
2964 142 2917 2918
2965 112 2918 2919
2966 124 2918 2930
2967 124 2918 2931
2968 142 2919 2920
2969 124 2919 2932
2970 124 2919 2933
2971 142 2920 2921
2972 112 2921 2922
2973 124 2921 2934
2974 124 2921 2935
2975 142 2922 2923
2976 124 2922 2936
2977 124 2922 2937
2978 142 2923 2924
2979 112 2924 2925
2980 124 2924 2938
2981 124 2924 2939
2982 142 2925 2926
2983 124 2925 2940
2984 124 2925 2941
2985 142 2926 2927
2986 112 2927 2928
2987 124 2927 2942
2988 124 2927 2943
2989 142 2928 2929
2990 124 2928 2944
2991 124 2928 2945
2992 367 2929 2946
2993 365 2946 2947
2994 206 2946 2948
2995 127 2948 2950
2996 127 2948 2954
2997 206 2955 2956
2998 127 2955 2976
2999 112 2955 2977
3000 127 2955 3162
3001 365 2956 2957
3002 841 2956 2958
3003 842 2958 2959
3004 843 2958 2960
3005 112 2960 2961
3006 112 2960 2962
3007 112 2960 2963
3008 127 2961 2968
3009 127 2961 2969
3010 127 2961 2970
3011 127 2962 2971
3012 127 2962 2972
3013 127 2962 2973
3014 151 2963 2964
3015 124 2963 2974
3016 124 2963 2975
3017 702 2964 2965
3018 702 2964 2966
3019 702 2964 2967
3020 206 2977 2978
3021 127 2977 3012
3022 112 2977 3014
3023 365 2978 2979
3024 367 2978 2980
3025 142 2980 2981
3026 112 2981 2982
3027 124 2981 2993
3028 124 2981 2994
3029 142 2982 2983
3030 124 2982 2995
3031 124 2982 2996
3032 142 2983 2984
3033 112 2984 2985
3034 124 2984 2997
3035 124 2984 2998
3036 142 2985 2986
3037 124 2985 2999
3038 124 2985 3000
3039 142 2986 2987
3040 112 2987 2988
3041 124 2987 3001
3042 124 2987 3002
3043 142 2988 2989
3044 124 2988 3003
3045 124 2988 3004
3046 142 2989 2990
3047 112 2990 2991
3048 124 2990 3005
3049 124 2990 3006
3050 142 2991 2992
3051 124 2991 3007
3052 124 2991 3008
3053 367 2992 3009
3054 365 3009 3010
3055 206 3009 3011
3056 127 3011 3013
3057 112 3011 3048
3058 127 3011 3164
3059 206 3014 3015
3060 127 3014 3049
3061 112 3014 3051
3062 365 3015 3016
3063 367 3015 3017
3064 142 3017 3018
3065 112 3018 3019
3066 124 3018 3030
3067 124 3018 3031
3068 142 3019 3020
3069 124 3019 3032
3070 124 3019 3033
3071 142 3020 3021
3072 112 3021 3022
3073 124 3021 3034
3074 124 3021 3035
3075 142 3022 3023
3076 124 3022 3036
3077 124 3022 3037
3078 142 3023 3024
3079 112 3024 3025
3080 124 3024 3038
3081 124 3024 3039
3082 142 3025 3026
3083 124 3025 3040
3084 124 3025 3041
3085 142 3026 3027
3086 112 3027 3028
3087 124 3027 3042
3088 124 3027 3043
3089 142 3028 3029
3090 124 3028 3044
3091 124 3028 3045
3092 367 3029 3046
3093 365 3046 3047
3094 206 3046 3048
3095 127 3048 3050
3096 112 3048 3085
3097 206 3051 3052
3098 127 3051 3086
3099 112 3051 3088
3100 365 3052 3053
3101 367 3052 3054
3102 142 3054 3055
3103 112 3055 3056
3104 124 3055 3067
3105 124 3055 3068
3106 142 3056 3057
3107 124 3056 3069
3108 124 3056 3070
3109 142 3057 3058
3110 112 3058 3059
3111 124 3058 3071
3112 124 3058 3072
3113 142 3059 3060
3114 124 3059 3073
3115 124 3059 3074
3116 142 3060 3061
3117 112 3061 3062
3118 124 3061 3075
3119 124 3061 3076
3120 142 3062 3063
3121 124 3062 3077
3122 124 3062 3078
3123 142 3063 3064
3124 112 3064 3065
3125 124 3064 3079
3126 124 3064 3080
3127 142 3065 3066
3128 124 3065 3081
3129 124 3065 3082
3130 367 3066 3083
3131 365 3083 3084
3132 206 3083 3085
3133 127 3085 3087
3134 112 3085 3122
3135 206 3088 3089
3136 127 3088 3123
3137 112 3088 3125
3138 365 3089 3090
3139 367 3089 3091
3140 142 3091 3092
3141 112 3092 3093
3142 124 3092 3104
3143 124 3092 3105
3144 142 3093 3094
3145 124 3093 3106
3146 124 3093 3107
3147 142 3094 3095
3148 112 3095 3096
3149 124 3095 3108
3150 124 3095 3109
3151 142 3096 3097
3152 124 3096 3110
3153 124 3096 3111
3154 142 3097 3098
3155 112 3098 3099
3156 124 3098 3112
3157 124 3098 3113
3158 142 3099 3100
3159 124 3099 3114
3160 124 3099 3115
3161 142 3100 3101
3162 112 3101 3102
3163 124 3101 3116
3164 124 3101 3117
3165 142 3102 3103
3166 124 3102 3118
3167 124 3102 3119
3168 367 3103 3120
3169 365 3120 3121
3170 206 3120 3122
3171 127 3122 3124
3172 112 3122 3159
3173 206 3125 3126
3174 127 3125 3160
3175 127 3125 3163
3176 365 3126 3127
3177 367 3126 3128
3178 142 3128 3129
3179 112 3129 3130
3180 124 3129 3141
3181 124 3129 3142
3182 142 3130 3131
3183 124 3130 3143
3184 124 3130 3144
3185 142 3131 3132
3186 112 3132 3133
3187 124 3132 3145
3188 124 3132 3146
3189 142 3133 3134
3190 124 3133 3147
3191 124 3133 3148
3192 142 3134 3135
3193 112 3135 3136
3194 124 3135 3149
3195 124 3135 3150
3196 142 3136 3137
3197 124 3136 3151
3198 124 3136 3152
3199 142 3137 3138
3200 112 3138 3139
3201 124 3138 3153
3202 124 3138 3154
3203 142 3139 3140
3204 124 3139 3155
3205 124 3139 3156
3206 367 3140 3157
3207 365 3157 3158
3208 206 3157 3159
3209 127 3159 3161
3210 127 3159 3165
3211 206 3166 3167
3212 127 3166 3187
3213 112 3166 3188
3214 127 3166 3373
3215 365 3167 3168
3216 841 3167 3169
3217 842 3169 3170
3218 843 3169 3171
3219 112 3171 3172
3220 112 3171 3173
3221 112 3171 3174
3222 127 3172 3179
3223 127 3172 3180
3224 127 3172 3181
3225 127 3173 3182
3226 127 3173 3183
3227 127 3173 3184
3228 151 3174 3175
3229 124 3174 3185
3230 124 3174 3186
3231 702 3175 3176
3232 702 3175 3177
3233 702 3175 3178
3234 206 3188 3189
3235 127 3188 3223
3236 112 3188 3225
3237 365 3189 3190
3238 367 3189 3191
3239 142 3191 3192
3240 112 3192 3193
3241 124 3192 3204
3242 124 3192 3205
3243 142 3193 3194
3244 124 3193 3206
3245 124 3193 3207
3246 142 3194 3195
3247 112 3195 3196
3248 124 3195 3208
3249 124 3195 3209
3250 142 3196 3197
3251 124 3196 3210
3252 124 3196 3211
3253 142 3197 3198
3254 112 3198 3199
3255 124 3198 3212
3256 124 3198 3213
3257 142 3199 3200
3258 124 3199 3214
3259 124 3199 3215
3260 142 3200 3201
3261 112 3201 3202
3262 124 3201 3216
3263 124 3201 3217
3264 142 3202 3203
3265 124 3202 3218
3266 124 3202 3219
3267 367 3203 3220
3268 365 3220 3221
3269 206 3220 3222
3270 127 3222 3224
3271 112 3222 3259
3272 127 3222 3375
3273 206 3225 3226
3274 127 3225 3260
3275 112 3225 3262
3276 365 3226 3227
3277 367 3226 3228
3278 142 3228 3229
3279 112 3229 3230
3280 124 3229 3241
3281 124 3229 3242
3282 142 3230 3231
3283 124 3230 3243
3284 124 3230 3244
3285 142 3231 3232
3286 112 3232 3233
3287 124 3232 3245
3288 124 3232 3246
3289 142 3233 3234
3290 124 3233 3247
3291 124 3233 3248
3292 142 3234 3235
3293 112 3235 3236
3294 124 3235 3249
3295 124 3235 3250
3296 142 3236 3237
3297 124 3236 3251
3298 124 3236 3252
3299 142 3237 3238
3300 112 3238 3239
3301 124 3238 3253
3302 124 3238 3254
3303 142 3239 3240
3304 124 3239 3255
3305 124 3239 3256
3306 367 3240 3257
3307 365 3257 3258
3308 206 3257 3259
3309 127 3259 3261
3310 112 3259 3296
3311 206 3262 3263
3312 127 3262 3297
3313 112 3262 3299
3314 365 3263 3264
3315 367 3263 3265
3316 142 3265 3266
3317 112 3266 3267
3318 124 3266 3278
3319 124 3266 3279
3320 142 3267 3268
3321 124 3267 3280
3322 124 3267 3281
3323 142 3268 3269
3324 112 3269 3270
3325 124 3269 3282
3326 124 3269 3283
3327 142 3270 3271
3328 124 3270 3284
3329 124 3270 3285
3330 142 3271 3272
3331 112 3272 3273
3332 124 3272 3286
3333 124 3272 3287
3334 142 3273 3274
3335 124 3273 3288
3336 124 3273 3289
3337 142 3274 3275
3338 112 3275 3276
3339 124 3275 3290
3340 124 3275 3291
3341 142 3276 3277
3342 124 3276 3292
3343 124 3276 3293
3344 367 3277 3294
3345 365 3294 3295
3346 206 3294 3296
3347 127 3296 3298
3348 112 3296 3333
3349 206 3299 3300
3350 127 3299 3334
3351 112 3299 3336
3352 365 3300 3301
3353 367 3300 3302
3354 142 3302 3303
3355 112 3303 3304
3356 124 3303 3315
3357 124 3303 3316
3358 142 3304 3305
3359 124 3304 3317
3360 124 3304 3318
3361 142 3305 3306
3362 112 3306 3307
3363 124 3306 3319
3364 124 3306 3320
3365 142 3307 3308
3366 124 3307 3321
3367 124 3307 3322
3368 142 3308 3309
3369 112 3309 3310
3370 124 3309 3323
3371 124 3309 3324
3372 142 3310 3311
3373 124 3310 3325
3374 124 3310 3326
3375 142 3311 3312
3376 112 3312 3313
3377 124 3312 3327
3378 124 3312 3328
3379 142 3313 3314
3380 124 3313 3329
3381 124 3313 3330
3382 367 3314 3331
3383 365 3331 3332
3384 206 3331 3333
3385 127 3333 3335
3386 112 3333 3370
3387 206 3336 3337
3388 127 3336 3371
3389 127 3336 3374
3390 365 3337 3338
3391 367 3337 3339
3392 142 3339 3340
3393 112 3340 3341
3394 124 3340 3352
3395 124 3340 3353
3396 142 3341 3342
3397 124 3341 3354
3398 124 3341 3355
3399 142 3342 3343
3400 112 3343 3344
3401 124 3343 3356
3402 124 3343 3357
3403 142 3344 3345
3404 124 3344 3358
3405 124 3344 3359
3406 142 3345 3346
3407 112 3346 3347
3408 124 3346 3360
3409 124 3346 3361
3410 142 3347 3348
3411 124 3347 3362
3412 124 3347 3363
3413 142 3348 3349
3414 112 3349 3350
3415 124 3349 3364
3416 124 3349 3365
3417 142 3350 3351
3418 124 3350 3366
3419 124 3350 3367
3420 367 3351 3368
3421 365 3368 3369
3422 206 3368 3370
3423 127 3370 3372
3424 127 3370 3376
3425 206 3377 3378
3426 127 3377 3398
3427 112 3377 3399
3428 127 3377 3584
3429 365 3378 3379
3430 841 3378 3380
3431 842 3380 3381
3432 843 3380 3382
3433 112 3382 3383
3434 112 3382 3384
3435 112 3382 3385
3436 127 3383 3390
3437 127 3383 3391
3438 127 3383 3392
3439 127 3384 3393
3440 127 3384 3394
3441 127 3384 3395
3442 151 3385 3386
3443 124 3385 3396
3444 124 3385 3397
3445 702 3386 3387
3446 702 3386 3388
3447 702 3386 3389
3448 206 3399 3400
3449 127 3399 3434
3450 112 3399 3436
3451 365 3400 3401
3452 367 3400 3402
3453 142 3402 3403
3454 112 3403 3404
3455 124 3403 3415
3456 124 3403 3416
3457 142 3404 3405
3458 124 3404 3417
3459 124 3404 3418
3460 142 3405 3406
3461 112 3406 3407
3462 124 3406 3419
3463 124 3406 3420
3464 142 3407 3408
3465 124 3407 3421
3466 124 3407 3422
3467 142 3408 3409
3468 112 3409 3410
3469 124 3409 3423
3470 124 3409 3424
3471 142 3410 3411
3472 124 3410 3425
3473 124 3410 3426
3474 142 3411 3412
3475 112 3412 3413
3476 124 3412 3427
3477 124 3412 3428
3478 142 3413 3414
3479 124 3413 3429
3480 124 3413 3430
3481 367 3414 3431
3482 365 3431 3432
3483 206 3431 3433
3484 127 3433 3435
3485 112 3433 3470
3486 127 3433 3586
3487 206 3436 3437
3488 127 3436 3471
3489 112 3436 3473
3490 365 3437 3438
3491 367 3437 3439
3492 142 3439 3440
3493 112 3440 3441
3494 124 3440 3452
3495 124 3440 3453
3496 142 3441 3442
3497 124 3441 3454
3498 124 3441 3455
3499 142 3442 3443
3500 112 3443 3444
3501 124 3443 3456
3502 124 3443 3457
3503 142 3444 3445
3504 124 3444 3458
3505 124 3444 3459
3506 142 3445 3446
3507 112 3446 3447
3508 124 3446 3460
3509 124 3446 3461
3510 142 3447 3448
3511 124 3447 3462
3512 124 3447 3463
3513 142 3448 3449
3514 112 3449 3450
3515 124 3449 3464
3516 124 3449 3465
3517 142 3450 3451
3518 124 3450 3466
3519 124 3450 3467
3520 367 3451 3468
3521 365 3468 3469
3522 206 3468 3470
3523 127 3470 3472
3524 112 3470 3507
3525 206 3473 3474
3526 127 3473 3508
3527 112 3473 3510
3528 365 3474 3475
3529 367 3474 3476
3530 142 3476 3477
3531 112 3477 3478
3532 124 3477 3489
3533 124 3477 3490
3534 142 3478 3479
3535 124 3478 3491
3536 124 3478 3492
3537 142 3479 3480
3538 112 3480 3481
3539 124 3480 3493
3540 124 3480 3494
3541 142 3481 3482
3542 124 3481 3495
3543 124 3481 3496
3544 142 3482 3483
3545 112 3483 3484
3546 124 3483 3497
3547 124 3483 3498
3548 142 3484 3485
3549 124 3484 3499
3550 124 3484 3500
3551 142 3485 3486
3552 112 3486 3487
3553 124 3486 3501
3554 124 3486 3502
3555 142 3487 3488
3556 124 3487 3503
3557 124 3487 3504
3558 367 3488 3505
3559 365 3505 3506
3560 206 3505 3507
3561 127 3507 3509
3562 112 3507 3544
3563 206 3510 3511
3564 127 3510 3545
3565 112 3510 3547
3566 365 3511 3512
3567 367 3511 3513
3568 142 3513 3514
3569 112 3514 3515
3570 124 3514 3526
3571 124 3514 3527
3572 142 3515 3516
3573 124 3515 3528
3574 124 3515 3529
3575 142 3516 3517
3576 112 3517 3518
3577 124 3517 3530
3578 124 3517 3531
3579 142 3518 3519
3580 124 3518 3532
3581 124 3518 3533
3582 142 3519 3520
3583 112 3520 3521
3584 124 3520 3534
3585 124 3520 3535
3586 142 3521 3522
3587 124 3521 3536
3588 124 3521 3537
3589 142 3522 3523
3590 112 3523 3524
3591 124 3523 3538
3592 124 3523 3539
3593 142 3524 3525
3594 124 3524 3540
3595 124 3524 3541
3596 367 3525 3542
3597 365 3542 3543
3598 206 3542 3544
3599 127 3544 3546
3600 112 3544 3581
3601 206 3547 3548
3602 127 3547 3582
3603 127 3547 3585
3604 365 3548 3549
3605 367 3548 3550
3606 142 3550 3551
3607 112 3551 3552
3608 124 3551 3563
3609 124 3551 3564
3610 142 3552 3553
3611 124 3552 3565
3612 124 3552 3566
3613 142 3553 3554
3614 112 3554 3555
3615 124 3554 3567
3616 124 3554 3568
3617 142 3555 3556
3618 124 3555 3569
3619 124 3555 3570
3620 142 3556 3557
3621 112 3557 3558
3622 124 3557 3571
3623 124 3557 3572
3624 142 3558 3559
3625 124 3558 3573
3626 124 3558 3574
3627 142 3559 3560
3628 112 3560 3561
3629 124 3560 3575
3630 124 3560 3576
3631 142 3561 3562
3632 124 3561 3577
3633 124 3561 3578
3634 367 3562 3579
3635 365 3579 3580
3636 206 3579 3581
3637 127 3581 3583
3638 127 3581 3587
3639 1 3588 3589
3640 1 3588 3590
3641 1 3591 3592
3642 1 3591 3593
3643 1 3594 3595
3644 1 3594 3596
3645 1 3597 3598
3646 1 3597 3599
3647 1 3600 3601
3648 1 3600 3602
3649 1 3603 3604
3650 1 3603 3605
3651 1 3606 3607
3652 1 3606 3608
3653 1 3609 3610
3654 1 3609 3611
3655 1 3612 3613
3656 1 3612 3614
3657 1 3615 3616
3658 1 3615 3617
3659 1 3618 3619
3660 1 3618 3620
3661 1 3621 3622
3662 1 3621 3623
3663 1 3624 3625
3664 1 3624 3626
3665 1 3627 3628
3666 1 3627 3629
3667 1 3630 3631
3668 1 3630 3632
3669 1 3633 3634
3670 1 3633 3635
3671 1 3636 3637
3672 1 3636 3638
3673 1 3639 3640
3674 1 3639 3641
3675 1 3642 3643
3676 1 3642 3644
3677 1 3645 3646
3678 1 3645 3647
3679 1 3648 3649
3680 1 3648 3650
3681 1 3651 3652
3682 1 3651 3653
3683 1 3654 3655
3684 1 3654 3656
3685 1 3657 3658
3686 1 3657 3659
3687 1 3660 3661
3688 1 3660 3662
3689 1 3663 3664
3690 1 3663 3665
3691 1 3666 3667
3692 1 3666 3668
3693 1 3669 3670
3694 1 3669 3671
3695 1 3672 3673
3696 1 3672 3674
3697 1 3675 3676
3698 1 3675 3677
3699 1 3678 3679
3700 1 3678 3680
3701 1 3681 3682
3702 1 3681 3683
3703 1 3684 3685
3704 1 3684 3686
3705 1 3687 3688
3706 1 3687 3689
3707 1 3690 3691
3708 1 3690 3692
3709 1 3693 3694
3710 1 3693 3695
3711 1 3696 3697
3712 1 3696 3698
3713 1 3699 3700
3714 1 3699 3701
3715 1 3702 3703
3716 1 3702 3704
3717 1 3705 3706
3718 1 3705 3707
3719 1 3708 3709
3720 1 3708 3710
3721 1 3711 3712
3722 1 3711 3713
3723 1 3714 3715
3724 1 3714 3716
3725 1 3717 3718
3726 1 3717 3719
3727 1 3720 3721
3728 1 3720 3722
3729 1 3723 3724
3730 1 3723 3725
3731 1 3726 3727
3732 1 3726 3728
3733 1 3729 3730
3734 1 3729 3731
3735 1 3732 3733
3736 1 3732 3734
3737 1 3735 3736
3738 1 3735 3737
3739 1 3738 3739
3740 1 3738 3740
3741 1 3741 3742
3742 1 3741 3743
3743 1 3744 3745
3744 1 3744 3746
3745 1 3747 3748
3746 1 3747 3749
3747 1 3750 3751
3748 1 3750 3752
3749 1 3753 3754
3750 1 3753 3755
3751 1 3756 3757
3752 1 3756 3758
3753 1 3759 3760
3754 1 3759 3761
3755 1 3762 3763
3756 1 3762 3764
3757 1 3765 3766
3758 1 3765 3767
3759 1 3768 3769
3760 1 3768 3770
3761 1 3771 3772
3762 1 3771 3773
3763 1 3774 3775
3764 1 3774 3776
3765 1 3777 3778
3766 1 3777 3779
3767 1 3780 3781
3768 1 3780 3782
3769 1 3783 3784
3770 1 3783 3785
3771 1 3786 3787
3772 1 3786 3788
3773 1 3789 3790
3774 1 3789 3791
3775 1 3792 3793
3776 1 3792 3794
3777 1 3795 3796
3778 1 3795 3797
3779 1 3798 3799
3780 1 3798 3800
3781 1 3801 3802
3782 1 3801 3803
3783 1 3804 3805
3784 1 3804 3806
3785 1 3807 3808
3786 1 3807 3809
3787 1 3810 3811
3788 1 3810 3812
3789 1 3813 3814
3790 1 3813 3815
3791 1 3816 3817
3792 1 3816 3818
3793 1 3819 3820
3794 1 3819 3821
3795 1 3822 3823
3796 1 3822 3824
3797 1 3825 3826
3798 1 3825 3827
3799 1 3828 3829
3800 1 3828 3830
3801 1 3831 3832
3802 1 3831 3833
3803 1 3834 3835
3804 1 3834 3836
3805 1 3837 3838
3806 1 3837 3839
3807 1 3840 3841
3808 1 3840 3842
3809 1 3843 3844
3810 1 3843 3845
3811 1 3846 3847
3812 1 3846 3848
3813 1 3849 3850
3814 1 3849 3851
3815 1 3852 3853
3816 1 3852 3854
3817 1 3855 3856
3818 1 3855 3857
3819 1 3858 3859
3820 1 3858 3860
3821 1 3861 3862
3822 1 3861 3863
3823 1 3864 3865
3824 1 3864 3866
3825 1 3867 3868
3826 1 3867 3869
3827 1 3870 3871
3828 1 3870 3872
3829 1 3873 3874
3830 1 3873 3875
3831 1 3876 3877
3832 1 3876 3878
3833 1 3879 3880
3834 1 3879 3881
3835 1 3882 3883
3836 1 3882 3884
3837 1 3885 3886
3838 1 3885 3887
3839 1 3888 3889
3840 1 3888 3890
3841 1 3891 3892
3842 1 3891 3893
3843 1 3894 3895
3844 1 3894 3896
3845 1 3897 3898
3846 1 3897 3899
3847 1 3900 3901
3848 1 3900 3902
3849 1 3903 3904
3850 1 3903 3905
3851 1 3906 3907
3852 1 3906 3908
3853 1 3909 3910
3854 1 3909 3911
3855 1 3912 3913
3856 1 3912 3914
3857 1 3915 3916
3858 1 3915 3917
3859 1 3918 3919
3860 1 3918 3920
3861 1 3921 3922
3862 1 3921 3923
3863 1 3924 3925
3864 1 3924 3926
3865 1 3927 3928
3866 1 3927 3929
3867 1 3930 3931
3868 1 3930 3932
3869 1 3933 3934
3870 1 3933 3935
3871 1 3936 3937
3872 1 3936 3938
3873 1 3939 3940
3874 1 3939 3941
3875 1 3942 3943
3876 1 3942 3944
3877 1 3945 3946
3878 1 3945 3947
3879 1 3948 3949
3880 1 3948 3950
3881 1 3951 3952
3882 1 3951 3953
3883 1 3954 3955
3884 1 3954 3956
3885 1 3957 3958
3886 1 3957 3959
3887 1 3960 3961
3888 1 3960 3962
3889 1 3963 3964
3890 1 3963 3965
3891 1 3966 3967
3892 1 3966 3968
3893 1 3969 3970
3894 1 3969 3971
3895 1 3972 3973
3896 1 3972 3974
3897 1 3975 3976
3898 1 3975 3977
3899 1 3978 3979
3900 1 3978 3980
3901 1 3981 3982
3902 1 3981 3983
3903 1 3984 3985
3904 1 3984 3986
3905 1 3987 3988
3906 1 3987 3989
3907 1 3990 3991
3908 1 3990 3992
3909 1 3993 3994
3910 1 3993 3995
3911 1 3996 3997
3912 1 3996 3998
3913 1 3999 4000
3914 1 3999 4001
3915 1 4002 4003
3916 1 4002 4004
3917 1 4005 4006
3918 1 4005 4007
3919 1 4008 4009
3920 1 4008 4010
3921 1 4011 4012
3922 1 4011 4013
3923 1 4014 4015
3924 1 4014 4016
3925 1 4017 4018
3926 1 4017 4019
3927 1 4020 4021
3928 1 4020 4022
3929 1 4023 4024
3930 1 4023 4025
3931 1 4026 4027
3932 1 4026 4028
3933 1 4029 4030
3934 1 4029 4031
3935 1 4032 4033
3936 1 4032 4034
3937 1 4035 4036
3938 1 4035 4037
3939 1 4038 4039
3940 1 4038 4040
3941 1 4041 4042
3942 1 4041 4043
3943 1 4044 4045
3944 1 4044 4046
3945 1 4047 4048
3946 1 4047 4049
3947 1 4050 4051
3948 1 4050 4052
3949 1 4053 4054
3950 1 4053 4055
3951 1 4056 4057
3952 1 4056 4058
3953 1 4059 4060
3954 1 4059 4061
3955 1 4062 4063
3956 1 4062 4064
3957 1 4065 4066
3958 1 4065 4067
3959 1 4068 4069
3960 1 4068 4070
3961 1 4071 4072
3962 1 4071 4073
3963 1 4074 4075
3964 1 4074 4076
3965 1 4077 4078
3966 1 4077 4079
3967 1 4080 4081
3968 1 4080 4082
3969 1 4083 4084
3970 1 4083 4085
3971 1 4086 4087
3972 1 4086 4088
3973 1 4089 4090
3974 1 4089 4091
3975 1 4092 4093
3976 1 4092 4094
3977 1 4095 4096
3978 1 4095 4097
3979 1 4098 4099
3980 1 4098 4100
3981 1 4101 4102
3982 1 4101 4103
3983 1 4104 4105
3984 1 4104 4106
3985 1 4107 4108
3986 1 4107 4109
3987 1 4110 4111
3988 1 4110 4112
3989 1 4113 4114
3990 1 4113 4115
3991 1 4116 4117
3992 1 4116 4118
3993 1 4119 4120
3994 1 4119 4121
3995 1 4122 4123
3996 1 4122 4124
3997 1 4125 4126
3998 1 4125 4127
3999 1 4128 4129
4000 1 4128 4130
4001 1 4131 4132
4002 1 4131 4133
4003 1 4134 4135
4004 1 4134 4136
4005 1 4137 4138
4006 1 4137 4139
4007 1 4140 4141
4008 1 4140 4142
4009 1 4143 4144
4010 1 4143 4145
4011 1 4146 4147
4012 1 4146 4148
4013 1 4149 4150
4014 1 4149 4151
4015 1 4152 4153
4016 1 4152 4154
4017 1 4155 4156
4018 1 4155 4157
4019 1 4158 4159
4020 1 4158 4160
4021 1 4161 4162
4022 1 4161 4163
4023 1 4164 4165
4024 1 4164 4166
4025 1 4167 4168
4026 1 4167 4169
4027 1 4170 4171
4028 1 4170 4172
4029 1 4173 4174
4030 1 4173 4175
4031 1 4176 4177
4032 1 4176 4178
4033 1 4179 4180
4034 1 4179 4181
4035 1 4182 4183
4036 1 4182 4184
4037 1 4185 4186
4038 1 4185 4187
4039 1 4188 4189
4040 1 4188 4190
4041 1 4191 4192
4042 1 4191 4193
4043 1 4194 4195
4044 1 4194 4196
4045 1 4197 4198
4046 1 4197 4199
4047 1 4200 4201
4048 1 4200 4202
4049 1 4203 4204
4050 1 4203 4205
4051 1 4206 4207
4052 1 4206 4208
4053 1 4209 4210
4054 1 4209 4211
4055 1 4212 4213
4056 1 4212 4214
4057 1 4215 4216
4058 1 4215 4217
4059 1 4218 4219
4060 1 4218 4220
4061 1 4221 4222
4062 1 4221 4223
4063 1 4224 4225
4064 1 4224 4226
4065 1 4227 4228
4066 1 4227 4229
4067 1 4230 4231
4068 1 4230 4232
4069 1 4233 4234
4070 1 4233 4235
4071 1 4236 4237
4072 1 4236 4238
4073 1 4239 4240
4074 1 4239 4241
4075 1 4242 4243
4076 1 4242 4244
4077 1 4245 4246
4078 1 4245 4247
4079 1 4248 4249
4080 1 4248 4250
4081 1 4251 4252
4082 1 4251 4253
4083 1 4254 4255
4084 1 4254 4256
4085 1 4257 4258
4086 1 4257 4259
4087 1 4260 4261
4088 1 4260 4262
4089 1 4263 4264
4090 1 4263 4265
4091 1 4266 4267
4092 1 4266 4268
4093 1 4269 4270
4094 1 4269 4271
4095 1 4272 4273
4096 1 4272 4274
4097 1 4275 4276
4098 1 4275 4277
4099 1 4278 4279
4100 1 4278 4280
4101 1 4281 4282
4102 1 4281 4283
4103 1 4284 4285
4104 1 4284 4286
4105 1 4287 4288
4106 1 4287 4289
4107 1 4290 4291
4108 1 4290 4292
4109 1 4293 4294
4110 1 4293 4295
4111 1 4296 4297
4112 1 4296 4298
4113 1 4299 4300
4114 1 4299 4301
4115 1 4302 4303
4116 1 4302 4304
4117 1 4305 4306
4118 1 4305 4307
4119 1 4308 4309
4120 1 4308 4310
4121 1 4311 4312
4122 1 4311 4313
4123 1 4314 4315
4124 1 4314 4316
4125 1 4317 4318
4126 1 4317 4319
4127 1 4320 4321
4128 1 4320 4322
4129 1 4323 4324
4130 1 4323 4325
4131 1 4326 4327
4132 1 4326 4328
4133 1 4329 4330
4134 1 4329 4331
4135 1 4332 4333
4136 1 4332 4334
4137 1 4335 4336
4138 1 4335 4337
4139 1 4338 4339
4140 1 4338 4340
4141 1 4341 4342
4142 1 4341 4343
4143 1 4344 4345
4144 1 4344 4346
4145 1 4347 4348
4146 1 4347 4349
4147 1 4350 4351
4148 1 4350 4352
4149 1 4353 4354
4150 1 4353 4355
4151 1 4356 4357
4152 1 4356 4358
4153 1 4359 4360
4154 1 4359 4361
4155 1 4362 4363
4156 1 4362 4364
4157 1 4365 4366
4158 1 4365 4367
4159 1 4368 4369
4160 1 4368 4370
4161 1 4371 4372
4162 1 4371 4373
4163 1 4374 4375
4164 1 4374 4376
4165 1 4377 4378
4166 1 4377 4379
4167 1 4380 4381
4168 1 4380 4382
4169 1 4383 4384
4170 1 4383 4385
4171 1 4386 4387
4172 1 4386 4388
4173 1 4389 4390
4174 1 4389 4391
4175 1 4392 4393
4176 1 4392 4394
4177 1 4395 4396
4178 1 4395 4397
4179 1 4398 4399
4180 1 4398 4400
4181 1 4401 4402
4182 1 4401 4403
4183 1 4404 4405
4184 1 4404 4406
4185 1 4407 4408
4186 1 4407 4409
4187 1 4410 4411
4188 1 4410 4412
4189 1 4413 4414
4190 1 4413 4415
4191 1 4416 4417
4192 1 4416 4418
4193 1 4419 4420
4194 1 4419 4421
4195 1 4422 4423
4196 1 4422 4424
4197 1 4425 4426
4198 1 4425 4427
4199 1 4428 4429
4200 1 4428 4430
4201 1 4431 4432
4202 1 4431 4433
4203 1 4434 4435
4204 1 4434 4436
4205 1 4437 4438
4206 1 4437 4439
4207 1 4440 4441
4208 1 4440 4442
4209 1 4443 4444
4210 1 4443 4445
4211 1 4446 4447
4212 1 4446 4448
4213 1 4449 4450
4214 1 4449 4451
4215 1 4452 4453
4216 1 4452 4454
4217 1 4455 4456
4218 1 4455 4457
4219 1 4458 4459
4220 1 4458 4460
4221 1 4461 4462
4222 1 4461 4463
4223 1 4464 4465
4224 1 4464 4466
4225 1 4467 4468
4226 1 4467 4469
4227 1 4470 4471
4228 1 4470 4472
4229 1 4473 4474
4230 1 4473 4475
4231 1 4476 4477
4232 1 4476 4478
4233 1 4479 4480
4234 1 4479 4481
4235 1 4482 4483
4236 1 4482 4484
4237 1 4485 4486
4238 1 4485 4487
4239 1 4488 4489
4240 1 4488 4490
4241 1 4491 4492
4242 1 4491 4493
4243 1 4494 4495
4244 1 4494 4496
4245 1 4497 4498
4246 1 4497 4499
4247 1 4500 4501
4248 1 4500 4502
4249 1 4503 4504
4250 1 4503 4505
4251 1 4506 4507
4252 1 4506 4508
4253 1 4509 4510
4254 1 4509 4511
4255 1 4512 4513
4256 1 4512 4514
4257 1 4515 4516
4258 1 4515 4517
4259 1 4518 4519
4260 1 4518 4520
4261 1 4521 4522
4262 1 4521 4523
4263 1 4524 4525
4264 1 4524 4526
4265 1 4527 4528
4266 1 4527 4529
4267 1 4530 4531
4268 1 4530 4532
4269 1 4533 4534
4270 1 4533 4535
4271 1 4536 4537
4272 1 4536 4538
4273 1 4539 4540
4274 1 4539 4541
4275 1 4542 4543
4276 1 4542 4544
4277 1 4545 4546
4278 1 4545 4547
4279 1 4548 4549
4280 1 4548 4550
4281 1 4551 4552
4282 1 4551 4553
4283 1 4554 4555
4284 1 4554 4556
4285 1 4557 4558
4286 1 4557 4559
4287 1 4560 4561
4288 1 4560 4562
4289 1 4563 4564
4290 1 4563 4565
4291 1 4566 4567
4292 1 4566 4568
4293 1 4569 4570
4294 1 4569 4571
4295 1 4572 4573
4296 1 4572 4574
4297 1 4575 4576
4298 1 4575 4577
4299 1 4578 4579
4300 1 4578 4580
4301 1 4581 4582
4302 1 4581 4583
4303 1 4584 4585
4304 1 4584 4586
4305 1 4587 4588
4306 1 4587 4589
4307 1 4590 4591
4308 1 4590 4592
4309 1 4593 4594
4310 1 4593 4595
4311 1 4596 4597
4312 1 4596 4598
4313 1 4599 4600
4314 1 4599 4601
4315 1 4602 4603
4316 1 4602 4604
4317 1 4605 4606
4318 1 4605 4607
4319 1 4608 4609
4320 1 4608 4610
4321 1 4611 4612
4322 1 4611 4613
4323 1 4614 4615
4324 1 4614 4616
4325 1 4617 4618
4326 1 4617 4619
4327 1 4620 4621
4328 1 4620 4622
4329 1 4623 4624
4330 1 4623 4625
4331 1 4626 4627
4332 1 4626 4628
4333 1 4629 4630
4334 1 4629 4631
4335 1 4632 4633
4336 1 4632 4634
4337 1 4635 4636
4338 1 4635 4637
4339 1 4638 4639
4340 1 4638 4640
4341 1 4641 4642
4342 1 4641 4643
4343 1 4644 4645
4344 1 4644 4646
4345 1 4647 4648
4346 1 4647 4649
4347 1 4650 4651
4348 1 4650 4652
4349 1 4653 4654
4350 1 4653 4655
4351 1 4656 4657
4352 1 4656 4658
4353 1 4659 4660
4354 1 4659 4661
4355 1 4662 4663
4356 1 4662 4664
4357 1 4665 4666
4358 1 4665 4667
4359 1 4668 4669
4360 1 4668 4670
4361 1 4671 4672
4362 1 4671 4673
4363 1 4674 4675
4364 1 4674 4676
4365 1 4677 4678
4366 1 4677 4679
4367 1 4680 4681
4368 1 4680 4682
4369 1 4683 4684
4370 1 4683 4685
4371 1 4686 4687
4372 1 4686 4688
4373 1 4689 4690
4374 1 4689 4691
4375 1 4692 4693
4376 1 4692 4694
4377 1 4695 4696
4378 1 4695 4697
4379 1 4698 4699
4380 1 4698 4700
4381 1 4701 4702
4382 1 4701 4703
4383 1 4704 4705
4384 1 4704 4706
4385 1 4707 4708
4386 1 4707 4709
4387 1 4710 4711
4388 1 4710 4712
4389 1 4713 4714
4390 1 4713 4715
4391 1 4716 4717
4392 1 4716 4718
4393 1 4719 4720
4394 1 4719 4721
4395 1 4722 4723
4396 1 4722 4724
4397 1 4725 4726
4398 1 4725 4727
4399 1 4728 4729
4400 1 4728 4730
4401 1 4731 4732
4402 1 4731 4733
4403 1 4734 4735
4404 1 4734 4736
4405 1 4737 4738
4406 1 4737 4739
4407 1 4740 4741
4408 1 4740 4742
4409 1 4743 4744
4410 1 4743 4745
4411 1 4746 4747
4412 1 4746 4748
4413 1 4749 4750
4414 1 4749 4751
4415 1 4752 4753
4416 1 4752 4754
4417 1 4755 4756
4418 1 4755 4757
4419 1 4758 4759
4420 1 4758 4760
4421 1 4761 4762
4422 1 4761 4763
4423 1 4764 4765
4424 1 4764 4766
4425 1 4767 4768
4426 1 4767 4769
4427 1 4770 4771
4428 1 4770 4772
4429 1 4773 4774
4430 1 4773 4775
4431 1 4776 4777
4432 1 4776 4778
4433 1 4779 4780
4434 1 4779 4781
4435 1 4782 4783
4436 1 4782 4784
4437 1 4785 4786
4438 1 4785 4787
4439 1 4788 4789
4440 1 4788 4790
4441 1 4791 4792
4442 1 4791 4793
4443 1 4794 4795
4444 1 4794 4796
4445 1 4797 4798
4446 1 4797 4799
4447 1 4800 4801
4448 1 4800 4802
4449 1 4803 4804
4450 1 4803 4805
4451 1 4806 4807
4452 1 4806 4808
4453 1 4809 4810
4454 1 4809 4811
4455 1 4812 4813
4456 1 4812 4814
4457 1 4815 4816
4458 1 4815 4817
4459 1 4818 4819
4460 1 4818 4820
4461 1 4821 4822
4462 1 4821 4823
4463 1 4824 4825
4464 1 4824 4826
4465 1 4827 4828
4466 1 4827 4829
4467 1 4830 4831
4468 1 4830 4832
4469 1 4833 4834
4470 1 4833 4835
4471 1 4836 4837
4472 1 4836 4838
4473 1 4839 4840
4474 1 4839 4841
4475 1 4842 4843
4476 1 4842 4844
4477 1 4845 4846
4478 1 4845 4847
4479 1 4848 4849
4480 1 4848 4850
4481 1 4851 4852
4482 1 4851 4853
4483 1 4854 4855
4484 1 4854 4856
4485 1 4857 4858
4486 1 4857 4859
4487 1 4860 4861
4488 1 4860 4862
4489 1 4863 4864
4490 1 4863 4865
4491 1 4866 4867
4492 1 4866 4868
4493 1 4869 4870
4494 1 4869 4871
4495 1 4872 4873
4496 1 4872 4874
4497 1 4875 4876
4498 1 4875 4877
4499 1 4878 4879
4500 1 4878 4880
4501 1 4881 4882
4502 1 4881 4883
4503 1 4884 4885
4504 1 4884 4886
4505 1 4887 4888
4506 1 4887 4889
4507 1 4890 4891
4508 1 4890 4892
4509 1 4893 4894
4510 1 4893 4895
4511 1 4896 4897
4512 1 4896 4898
4513 1 4899 4900
4514 1 4899 4901
4515 1 4902 4903
4516 1 4902 4904
4517 1 4905 4906
4518 1 4905 4907
4519 1 4908 4909
4520 1 4908 4910
4521 1 4911 4912
4522 1 4911 4913
4523 1 4914 4915
4524 1 4914 4916
4525 1 4917 4918
4526 1 4917 4919
4527 1 4920 4921
4528 1 4920 4922
4529 1 4923 4924
4530 1 4923 4925
4531 1 4926 4927
4532 1 4926 4928
4533 1 4929 4930
4534 1 4929 4931
4535 1 4932 4933
4536 1 4932 4934
4537 1 4935 4936
4538 1 4935 4937
4539 1 4938 4939
4540 1 4938 4940
4541 1 4941 4942
4542 1 4941 4943
4543 1 4944 4945
4544 1 4944 4946
4545 1 4947 4948
4546 1 4947 4949
4547 1 4950 4951
4548 1 4950 4952
4549 1 4953 4954
4550 1 4953 4955
4551 1 4956 4957
4552 1 4956 4958
4553 1 4959 4960
4554 1 4959 4961
4555 1 4962 4963
4556 1 4962 4964
4557 1 4965 4966
4558 1 4965 4967
4559 1 4968 4969
4560 1 4968 4970
4561 1 4971 4972
4562 1 4971 4973
4563 1 4974 4975
4564 1 4974 4976
4565 1 4977 4978
4566 1 4977 4979
4567 1 4980 4981
4568 1 4980 4982
4569 1 4983 4984
4570 1 4983 4985
4571 1 4986 4987
4572 1 4986 4988
4573 1 4989 4990
4574 1 4989 4991
4575 1 4992 4993
4576 1 4992 4994
4577 1 4995 4996
4578 1 4995 4997
4579 1 4998 4999
4580 1 4998 5000
4581 1 5001 5002
4582 1 5001 5003
4583 1 5004 5005
4584 1 5004 5006
4585 1 5007 5008
4586 1 5007 5009
4587 1 5010 5011
4588 1 5010 5012
4589 1 5013 5014
4590 1 5013 5015
4591 1 5016 5017
4592 1 5016 5018
4593 1 5019 5020
4594 1 5019 5021
4595 1 5022 5023
4596 1 5022 5024
4597 1 5025 5026
4598 1 5025 5027
4599 1 5028 5029
4600 1 5028 5030
4601 1 5031 5032
4602 1 5031 5033
4603 1 5034 5035
4604 1 5034 5036
4605 1 5037 5038
4606 1 5037 5039
4607 1 5040 5041
4608 1 5040 5042
4609 1 5043 5044
4610 1 5043 5045
4611 1 5046 5047
4612 1 5046 5048
4613 1 5049 5050
4614 1 5049 5051
4615 1 5052 5053
4616 1 5052 5054
4617 1 5055 5056
4618 1 5055 5057
4619 1 5058 5059
4620 1 5058 5060
4621 1 5061 5062
4622 1 5061 5063
4623 1 5064 5065
4624 1 5064 5066
4625 1 5067 5068
4626 1 5067 5069
4627 1 5070 5071
4628 1 5070 5072
4629 1 5073 5074
4630 1 5073 5075
4631 1 5076 5077
4632 1 5076 5078
4633 1 5079 5080
4634 1 5079 5081
4635 1 5082 5083
4636 1 5082 5084
4637 1 5085 5086
4638 1 5085 5087
4639 1 5088 5089
4640 1 5088 5090
4641 1 5091 5092
4642 1 5091 5093
4643 1 5094 5095
4644 1 5094 5096
4645 1 5097 5098
4646 1 5097 5099
4647 1 5100 5101
4648 1 5100 5102
4649 1 5103 5104
4650 1 5103 5105
4651 1 5106 5107
4652 1 5106 5108
4653 1 5109 5110
4654 1 5109 5111
4655 1 5112 5113
4656 1 5112 5114
4657 1 5115 5116
4658 1 5115 5117
4659 1 5118 5119
4660 1 5118 5120
4661 1 5121 5122
4662 1 5121 5123
4663 1 5124 5125
4664 1 5124 5126
4665 1 5127 5128
4666 1 5127 5129
4667 1 5130 5131
4668 1 5130 5132
4669 1 5133 5134
4670 1 5133 5135
4671 1 5136 5137
4672 1 5136 5138
4673 1 5139 5140
4674 1 5139 5141
4675 1 5142 5143
4676 1 5142 5144
4677 1 5145 5146
4678 1 5145 5147
4679 1 5148 5149
4680 1 5148 5150
4681 1 5151 5152
4682 1 5151 5153
4683 1 5154 5155
4684 1 5154 5156
4685 1 5157 5158
4686 1 5157 5159
4687 1 5160 5161
4688 1 5160 5162
4689 1 5163 5164
4690 1 5163 5165
4691 1 5166 5167
4692 1 5166 5168
4693 1 5169 5170
4694 1 5169 5171
4695 1 5172 5173
4696 1 5172 5174
4697 1 5175 5176
4698 1 5175 5177
4699 1 5178 5179
4700 1 5178 5180
4701 1 5181 5182
4702 1 5181 5183
4703 1 5184 5185
4704 1 5184 5186
4705 1 5187 5188
4706 1 5187 5189
4707 1 5190 5191
4708 1 5190 5192
4709 1 5193 5194
4710 1 5193 5195
4711 1 5196 5197
4712 1 5196 5198
4713 1 5199 5200
4714 1 5199 5201
4715 1 5202 5203
4716 1 5202 5204
4717 1 5205 5206
4718 1 5205 5207
4719 1 5208 5209
4720 1 5208 5210
4721 1 5211 5212
4722 1 5211 5213
4723 1 5214 5215
4724 1 5214 5216
4725 1 5217 5218
4726 1 5217 5219
4727 1 5220 5221
4728 1 5220 5222
4729 1 5223 5224
4730 1 5223 5225
4731 1 5226 5227
4732 1 5226 5228
4733 1 5229 5230
4734 1 5229 5231
4735 1 5232 5233
4736 1 5232 5234
4737 1 5235 5236
4738 1 5235 5237
4739 1 5238 5239
4740 1 5238 5240
4741 1 5241 5242
4742 1 5241 5243
4743 1 5244 5245
4744 1 5244 5246
4745 1 5247 5248
4746 1 5247 5249
4747 1 5250 5251
4748 1 5250 5252
4749 1 5253 5254
4750 1 5253 5255
4751 1 5256 5257
4752 1 5256 5258
4753 1 5259 5260
4754 1 5259 5261
4755 1 5262 5263
4756 1 5262 5264
4757 1 5265 5266
4758 1 5265 5267
4759 1 5268 5269
4760 1 5268 5270
4761 1 5271 5272
4762 1 5271 5273
4763 1 5274 5275
4764 1 5274 5276
4765 1 5277 5278
4766 1 5277 5279
4767 1 5280 5281
4768 1 5280 5282
4769 1 5283 5284
4770 1 5283 5285
4771 1 5286 5287
4772 1 5286 5288
4773 1 5289 5290
4774 1 5289 5291
4775 1 5292 5293
4776 1 5292 5294
4777 1 5295 5296
4778 1 5295 5297
4779 1 5298 5299
4780 1 5298 5300
4781 1 5301 5302
4782 1 5301 5303
4783 1 5304 5305
4784 1 5304 5306
4785 1 5307 5308
4786 1 5307 5309
4787 1 5310 5311
4788 1 5310 5312
4789 1 5313 5314
4790 1 5313 5315
4791 1 5316 5317
4792 1 5316 5318
4793 1 5319 5320
4794 1 5319 5321
4795 1 5322 5323
4796 1 5322 5324
4797 1 5325 5326
4798 1 5325 5327
4799 1 5328 5329
4800 1 5328 5330
4801 1 5331 5332
4802 1 5331 5333
4803 1 5334 5335
4804 1 5334 5336
4805 1 5337 5338
4806 1 5337 5339
4807 1 5340 5341
4808 1 5340 5342
4809 1 5343 5344
4810 1 5343 5345
4811 1 5346 5347
4812 1 5346 5348
4813 1 5349 5350
4814 1 5349 5351
4815 1 5352 5353
4816 1 5352 5354
4817 1 5355 5356
4818 1 5355 5357
4819 1 5358 5359
4820 1 5358 5360
4821 1 5361 5362
4822 1 5361 5363
4823 1 5364 5365
4824 1 5364 5366
4825 1 5367 5368
4826 1 5367 5369
4827 1 5370 5371
4828 1 5370 5372
4829 1 5373 5374
4830 1 5373 5375
4831 1 5376 5377
4832 1 5376 5378
4833 1 5379 5380
4834 1 5379 5381
4835 1 5382 5383
4836 1 5382 5384
4837 1 5385 5386
4838 1 5385 5387
4839 1 5388 5389
4840 1 5388 5390
4841 1 5391 5392
4842 1 5391 5393
4843 1 5394 5395
4844 1 5394 5396
4845 1 5397 5398
4846 1 5397 5399
4847 1 5400 5401
4848 1 5400 5402
4849 1 5403 5404
4850 1 5403 5405
4851 1 5406 5407
4852 1 5406 5408
4853 1 5409 5410
4854 1 5409 5411
4855 1 5412 5413
4856 1 5412 5414
4857 1 5415 5416
4858 1 5415 5417
4859 1 5418 5419
4860 1 5418 5420
4861 1 5421 5422
4862 1 5421 5423
4863 1 5424 5425
4864 1 5424 5426
4865 1 5427 5428
4866 1 5427 5429
4867 1 5430 5431
4868 1 5430 5432
4869 1 5433 5434
4870 1 5433 5435
4871 1 5436 5437
4872 1 5436 5438
4873 1 5439 5440
4874 1 5439 5441
4875 1 5442 5443
4876 1 5442 5444
4877 1 5445 5446
4878 1 5445 5447
4879 1 5448 5449
4880 1 5448 5450
4881 1 5451 5452
4882 1 5451 5453
4883 1 5454 5455
4884 1 5454 5456
4885 1 5457 5458
4886 1 5457 5459
4887 1 5460 5461
4888 1 5460 5462
4889 1 5463 5464
4890 1 5463 5465
4891 1 5466 5467
4892 1 5466 5468
4893 1 5469 5470
4894 1 5469 5471
4895 1 5472 5473
4896 1 5472 5474
4897 1 5475 5476
4898 1 5475 5477
4899 1 5478 5479
4900 1 5478 5480
4901 1 5481 5482
4902 1 5481 5483
4903 1 5484 5485
4904 1 5484 5486
4905 1 5487 5488
4906 1 5487 5489
4907 1 5490 5491
4908 1 5490 5492
4909 1 5493 5494
4910 1 5493 5495
4911 1 5496 5497
4912 1 5496 5498
4913 1 5499 5500
4914 1 5499 5501
4915 1 5502 5503
4916 1 5502 5504
4917 1 5505 5506
4918 1 5505 5507
4919 1 5508 5509
4920 1 5508 5510
4921 1 5511 5512
4922 1 5511 5513
4923 1 5514 5515
4924 1 5514 5516
4925 1 5517 5518
4926 1 5517 5519
4927 1 5520 5521
4928 1 5520 5522
4929 1 5523 5524
4930 1 5523 5525
4931 1 5526 5527
4932 1 5526 5528
4933 1 5529 5530
4934 1 5529 5531
4935 1 5532 5533
4936 1 5532 5534
4937 1 5535 5536
4938 1 5535 5537
4939 1 5538 5539
4940 1 5538 5540
4941 1 5541 5542
4942 1 5541 5543
4943 1 5544 5545
4944 1 5544 5546
4945 1 5547 5548
4946 1 5547 5549
4947 1 5550 5551
4948 1 5550 5552
4949 1 5553 5554
4950 1 5553 5555
4951 1 5556 5557
4952 1 5556 5558
4953 1 5559 5560
4954 1 5559 5561
4955 1 5562 5563
4956 1 5562 5564
4957 1 5565 5566
4958 1 5565 5567
4959 1 5568 5569
4960 1 5568 5570
4961 1 5571 5572
4962 1 5571 5573
4963 1 5574 5575
4964 1 5574 5576
4965 1 5577 5578
4966 1 5577 5579
4967 1 5580 5581
4968 1 5580 5582
4969 1 5583 5584
4970 1 5583 5585
4971 1 5586 5587
4972 1 5586 5588
4973 1 5589 5590
4974 1 5589 5591
4975 1 5592 5593
4976 1 5592 5594
4977 1 5595 5596
4978 1 5595 5597
4979 1 5598 5599
4980 1 5598 5600
4981 1 5601 5602
4982 1 5601 5603
4983 1 5604 5605
4984 1 5604 5606
4985 1 5607 5608
4986 1 5607 5609
4987 1 5610 5611
4988 1 5610 5612
4989 1 5613 5614
4990 1 5613 5615
4991 1 5616 5617
4992 1 5616 5618
4993 1 5619 5620
4994 1 5619 5621
4995 1 5622 5623
4996 1 5622 5624
4997 1 5625 5626
4998 1 5625 5627
4999 1 5628 5629
5000 1 5628 5630
5001 1 5631 5632
5002 1 5631 5633
5003 1 5634 5635
5004 1 5634 5636
5005 1 5637 5638
5006 1 5637 5639
5007 1 5640 5641
5008 1 5640 5642
5009 1 5643 5644
5010 1 5643 5645
5011 1 5646 5647
5012 1 5646 5648
5013 1 5649 5650
5014 1 5649 5651
5015 1 5652 5653
5016 1 5652 5654
5017 1 5655 5656
5018 1 5655 5657
5019 1 5658 5659
5020 1 5658 5660
5021 1 5661 5662
5022 1 5661 5663
5023 1 5664 5665
5024 1 5664 5666
5025 1 5667 5668
5026 1 5667 5669
5027 1 5670 5671
5028 1 5670 5672
5029 1 5673 5674
5030 1 5673 5675
5031 1 5676 5677
5032 1 5676 5678
5033 1 5679 5680
5034 1 5679 5681
5035 1 5682 5683
5036 1 5682 5684
5037 1 5685 5686
5038 1 5685 5687
5039 1 5688 5689
5040 1 5688 5690
5041 1 5691 5692
5042 1 5691 5693
5043 1 5694 5695
5044 1 5694 5696
5045 1 5697 5698
5046 1 5697 5699
5047 1 5700 5701
5048 1 5700 5702
5049 1 5703 5704
5050 1 5703 5705
5051 1 5706 5707
5052 1 5706 5708
5053 1 5709 5710
5054 1 5709 5711
5055 1 5712 5713
5056 1 5712 5714
5057 1 5715 5716
5058 1 5715 5717
5059 1 5718 5719
5060 1 5718 5720
5061 1 5721 5722
5062 1 5721 5723
5063 1 5724 5725
5064 1 5724 5726
5065 1 5727 5728
5066 1 5727 5729
5067 1 5730 5731
5068 1 5730 5732
5069 1 5733 5734
5070 1 5733 5735
5071 1 5736 5737
5072 1 5736 5738
5073 1 5739 5740
5074 1 5739 5741
5075 1 5742 5743
5076 1 5742 5744
5077 1 5745 5746
5078 1 5745 5747
5079 1 5748 5749
5080 1 5748 5750
5081 1 5751 5752
5082 1 5751 5753
5083 1 5754 5755
5084 1 5754 5756
5085 1 5757 5758
5086 1 5757 5759
5087 1 5760 5761
5088 1 5760 5762
5089 1 5763 5764
5090 1 5763 5765
5091 1 5766 5767
5092 1 5766 5768
5093 1 5769 5770
5094 1 5769 5771
5095 1 5772 5773
5096 1 5772 5774
5097 1 5775 5776
5098 1 5775 5777
5099 1 5778 5779
5100 1 5778 5780
5101 1 5781 5782
5102 1 5781 5783
5103 1 5784 5785
5104 1 5784 5786
5105 1 5787 5788
5106 1 5787 5789
5107 1 5790 5791
5108 1 5790 5792
5109 1 5793 5794
5110 1 5793 5795
5111 1 5796 5797
5112 1 5796 5798
5113 1 5799 5800
5114 1 5799 5801
5115 1 5802 5803
5116 1 5802 5804
5117 1 5805 5806
5118 1 5805 5807
5119 1 5808 5809
5120 1 5808 5810
5121 1 5811 5812
5122 1 5811 5813
5123 1 5814 5815
5124 1 5814 5816
5125 1 5817 5818
5126 1 5817 5819
5127 1 5820 5821
5128 1 5820 5822
5129 1 5823 5824
5130 1 5823 5825
5131 1 5826 5827
5132 1 5826 5828
5133 1 5829 5830
5134 1 5829 5831
5135 1 5832 5833
5136 1 5832 5834
5137 1 5835 5836
5138 1 5835 5837
5139 1 5838 5839
5140 1 5838 5840
5141 1 5841 5842
5142 1 5841 5843
5143 1 5844 5845
5144 1 5844 5846
5145 1 5847 5848
5146 1 5847 5849
5147 1 5850 5851
5148 1 5850 5852
5149 1 5853 5854
5150 1 5853 5855
5151 1 5856 5857
5152 1 5856 5858
5153 1 5859 5860
5154 1 5859 5861
5155 1 5862 5863
5156 1 5862 5864
5157 1 5865 5866
5158 1 5865 5867
5159 1 5868 5869
5160 1 5868 5870
5161 1 5871 5872
5162 1 5871 5873
5163 1 5874 5875
5164 1 5874 5876
5165 1 5877 5878
5166 1 5877 5879
5167 1 5880 5881
5168 1 5880 5882
5169 1 5883 5884
5170 1 5883 5885
5171 1 5886 5887
5172 1 5886 5888
5173 1 5889 5890
5174 1 5889 5891
5175 1 5892 5893
5176 1 5892 5894
5177 1 5895 5896
5178 1 5895 5897
5179 1 5898 5899
5180 1 5898 5900
5181 1 5901 5902
5182 1 5901 5903
5183 1 5904 5905
5184 1 5904 5906
5185 1 5907 5908
5186 1 5907 5909
5187 1 5910 5911
5188 1 5910 5912
5189 1 5913 5914
5190 1 5913 5915
5191 1 5916 5917
5192 1 5916 5918
5193 1 5919 5920
5194 1 5919 5921
5195 1 5922 5923
5196 1 5922 5924
5197 1 5925 5926
5198 1 5925 5927
5199 1 5928 5929
5200 1 5928 5930
5201 1 5931 5932
5202 1 5931 5933
5203 1 5934 5935
5204 1 5934 5936
5205 1 5937 5938
5206 1 5937 5939
5207 1 5940 5941
5208 1 5940 5942
5209 1 5943 5944
5210 1 5943 5945
5211 1 5946 5947
5212 1 5946 5948
5213 1 5949 5950
5214 1 5949 5951
5215 1 5952 5953
5216 1 5952 5954
5217 1 5955 5956
5218 1 5955 5957
5219 1 5958 5959
5220 1 5958 5960
5221 1 5961 5962
5222 1 5961 5963
5223 1 5964 5965
5224 1 5964 5966
5225 1 5967 5968
5226 1 5967 5969
5227 1 5970 5971
5228 1 5970 5972
5229 1 5973 5974
5230 1 5973 5975
5231 1 5976 5977
5232 1 5976 5978
5233 1 5979 5980
5234 1 5979 5981
5235 1 5982 5983
5236 1 5982 5984
5237 1 5985 5986
5238 1 5985 5987
5239 1 5988 5989
5240 1 5988 5990
5241 1 5991 5992
5242 1 5991 5993
5243 1 5994 5995
5244 1 5994 5996
5245 1 5997 5998
5246 1 5997 5999
5247 1 6000 6001
5248 1 6000 6002
5249 1 6003 6004
5250 1 6003 6005
5251 1 6006 6007
5252 1 6006 6008
5253 1 6009 6010
5254 1 6009 6011
5255 1 6012 6013
5256 1 6012 6014
5257 1 6015 6016
5258 1 6015 6017
5259 1 6018 6019
5260 1 6018 6020
5261 1 6021 6022
5262 1 6021 6023
5263 1 6024 6025
5264 1 6024 6026
5265 1 6027 6028
5266 1 6027 6029
5267 1 6030 6031
5268 1 6030 6032
5269 1 6033 6034
5270 1 6033 6035
5271 1 6036 6037
5272 1 6036 6038
5273 1 6039 6040
5274 1 6039 6041
5275 1 6042 6043
5276 1 6042 6044
5277 1 6045 6046
5278 1 6045 6047
5279 1 6048 6049
5280 1 6048 6050
5281 1 6051 6052
5282 1 6051 6053
5283 1 6054 6055
5284 1 6054 6056
5285 1 6057 6058
5286 1 6057 6059
5287 1 6060 6061
5288 1 6060 6062
5289 1 6063 6064
5290 1 6063 6065
5291 1 6066 6067
5292 1 6066 6068
5293 1 6069 6070
5294 1 6069 6071
5295 1 6072 6073
5296 1 6072 6074
5297 1 6075 6076
5298 1 6075 6077
5299 1 6078 6079
5300 1 6078 6080
5301 1 6081 6082
5302 1 6081 6083
5303 1 6084 6085
5304 1 6084 6086
5305 1 6087 6088
5306 1 6087 6089
5307 1 6090 6091
5308 1 6090 6092
5309 1 6093 6094
5310 1 6093 6095
5311 1 6096 6097
5312 1 6096 6098
5313 1 6099 6100
5314 1 6099 6101
5315 1 6102 6103
5316 1 6102 6104
5317 1 6105 6106
5318 1 6105 6107
5319 1 6108 6109
5320 1 6108 6110
5321 1 6111 6112
5322 1 6111 6113
5323 1 6114 6115
5324 1 6114 6116
5325 1 6117 6118
5326 1 6117 6119
5327 1 6120 6121
5328 1 6120 6122
5329 1 6123 6124
5330 1 6123 6125
5331 1 6126 6127
5332 1 6126 6128
5333 1 6129 6130
5334 1 6129 6131
5335 1 6132 6133
5336 1 6132 6134
5337 1 6135 6136
5338 1 6135 6137
5339 1 6138 6139
5340 1 6138 6140
5341 1 6141 6142
5342 1 6141 6143
5343 1 6144 6145
5344 1 6144 6146
5345 1 6147 6148
5346 1 6147 6149
5347 1 6150 6151
5348 1 6150 6152
5349 1 6153 6154
5350 1 6153 6155
5351 1 6156 6157
5352 1 6156 6158
5353 1 6159 6160
5354 1 6159 6161
5355 1 6162 6163
5356 1 6162 6164
5357 1 6165 6166
5358 1 6165 6167
5359 1 6168 6169
5360 1 6168 6170
5361 1 6171 6172
5362 1 6171 6173
5363 1 6174 6175
5364 1 6174 6176
5365 1 6177 6178
5366 1 6177 6179
5367 1 6180 6181
5368 1 6180 6182
5369 1 6183 6184
5370 1 6183 6185
5371 1 6186 6187
5372 1 6186 6188
5373 1 6189 6190
5374 1 6189 6191
5375 1 6192 6193
5376 1 6192 6194
5377 1 6195 6196
5378 1 6195 6197
5379 1 6198 6199
5380 1 6198 6200
5381 1 6201 6202
5382 1 6201 6203
5383 1 6204 6205
5384 1 6204 6206
5385 1 6207 6208
5386 1 6207 6209
5387 1 6210 6211
5388 1 6210 6212
5389 1 6213 6214
5390 1 6213 6215
5391 1 6216 6217
5392 1 6216 6218
5393 1 6219 6220
5394 1 6219 6221
5395 1 6222 6223
5396 1 6222 6224
5397 1 6225 6226
5398 1 6225 6227
5399 1 6228 6229
5400 1 6228 6230
5401 1 6231 6232
5402 1 6231 6233
5403 1 6234 6235
5404 1 6234 6236
5405 1 6237 6238
5406 1 6237 6239
5407 1 6240 6241
5408 1 6240 6242
5409 1 6243 6244
5410 1 6243 6245
5411 1 6246 6247
5412 1 6246 6248
5413 1 6249 6250
5414 1 6249 6251
5415 1 6252 6253
5416 1 6252 6254
5417 1 6255 6256
5418 1 6255 6257
5419 1 6258 6259
5420 1 6258 6260
5421 1 6261 6262
5422 1 6261 6263
5423 1 6264 6265
5424 1 6264 6266
5425 1 6267 6268
5426 1 6267 6269
5427 1 6270 6271
5428 1 6270 6272
5429 1 6273 6274
5430 1 6273 6275
5431 1 6276 6277
5432 1 6276 6278
5433 1 6279 6280
5434 1 6279 6281
5435 1 6282 6283
5436 1 6282 6284
5437 1 6285 6286
5438 1 6285 6287
5439 1 6288 6289
5440 1 6288 6290
